employee_id,name,gender,age,department,job_role,job_level,performance_rating,job_satisfaction,job_involvement,environment_satisfaction,monthly_income,percent_salary_hike,stock_option_level,years_at_company,years_in_current_role,total_working_years,distance_from_home,business_travel,over_time
EMP_COMP_BAD_00659_00001,Donna Davis,Male,35,Operations,Business Analyst,4,1,4,2,1,7047,23,0,1,1,2,8,Travel_Frequently,No
EMP_COMP_BAD_00659_00002,Sarah Lewis,Female,39,Support,Operations Manager,4,2,2,4,3,14743,23,0,11,10,21,22,Travel_Frequently,Yes
EMP_COMP_BAD_00659_00003,George Moore,Female,45,Sales,Marketing Manager,5,4,1,4,4,12832,23,1,11,2,19,5,Travel_Frequently,No
EMP_COMP_BAD_00659_00004,Charles Martin,Male,44,Finance,Accountant,2,2,3,2,4,4533,14,3,2,2,10,7,Non-Travel,Yes
EMP_COMP_BAD_00659_00005,Christopher Lewis,Female,47,Sales,Support Specialist,1,4,2,3,4,11180,12,1,8,0,9,18,Travel_Frequently,No
EMP_COMP_BAD_00659_00006,Elizabeth Jackson,Female,57,Engineering,Marketing Manager,4,2,4,4,4,14521,18,2,9,7,15,17,Non-Travel,No
EMP_COMP_BAD_00659_00007,Mary Gonzalez,Male,44,Human Resources,Legal Counsel,4,3,4,1,2,4397,14,0,13,8,16,11,Travel_Rarely,Yes
EMP_COMP_BAD_00659_00008,Paul Jones,Female,39,Operations,Marketing Manager,3,4,2,1,3,7523,22,0,15,9,24,3,Travel_Rarely,Yes
EMP_COMP_BAD_00659_00009,Brian Moore,Male,43,Support,Sales Representative,1,4,4,1,4,10735,24,1,11,10,11,3,Non-Travel,No
EMP_COMP_BAD_00659_00010,Jennifer Ramirez,Male,35,Human Resources,Support Specialist,1,4,4,2,3,5002,12,2,10,5,17,14,Travel_Rarely,No
EMP_COMP_BAD_00659_00011,Patricia Davis,Female,40,Sales,Legal Counsel,5,4,3,4,1,8828,24,2,5,1,9,1,Travel_Frequently,Yes
EMP_COMP_BAD_00659_00012,Thomas Taylor,Male,46,Operations,Business Analyst,1,4,3,1,1,12838,13,0,13,1,13,26,Travel_Frequently,No
EMP_COMP_BAD_00659_00013,Charles Lee,Female,40,Operations,HR Manager,4,3,2,4,2,6668,22,1,11,7,13,27,Non-Travel,No
EMP_COMP_BAD_00659_00014,Christopher Rodriguez,Male,28,Support,Software Engineer,1,4,2,4,1,4914,22,2,12,4,14,9,Travel_Frequently,Yes
EMP_COMP_BAD_00659_00015,James Jones,Female,42,Operations,Marketing Manager,4,3,2,1,4,11608,13,2,6,1,13,6,Travel_Frequently,Yes
EMP_COMP_BAD_00659_00016,Jessica Lewis,Female,25,IT,Product Manager,3,4,4,3,2,11069,21,0,4,4,7,8,Non-Travel,Yes
EMP_COMP_BAD_00659_00017,Kevin Thompson,Male,44,Engineering,Software Engineer,5,3,3,3,3,11735,21,2,10,4,10,2,Travel_Rarely,Yes
EMP_COMP_BAD_00659_00018,Carol Davis,Female,37,Engineering,IT Administrator,3,4,2,3,4,11155,25,2,8,8,8,4,Travel_Frequently,Yes
EMP_COMP_BAD_00659_00019,Joshua Martinez,Female,44,Engineering,Financial Analyst,4,2,4,1,4,9793,24,3,10,6,12,13,Travel_Rarely,Yes
EMP_COMP_BAD_00659_00020,Thomas Garcia,Male,26,Research and Development,Financial Analyst,2,2,4,1,4,4505,15,0,13,2,22,11,Travel_Frequently,No
EMP_COMP_BAD_00659_00021,Robert Brown,Female,24,Legal,IT Administrator,3,1,4,1,1,4692,18,3,6,3,8,25,Travel_Rarely,No
EMP_COMP_BAD_00659_00022,Amanda Robinson,Male,30,IT,Legal Counsel,1,1,4,2,3,12911,11,2,12,4,13,4,Travel_Rarely,No
EMP_COMP_BAD_00659_00023,Mark Martin,Female,51,Engineering,HR Manager,4,4,3,3,3,9760,19,0,4,0,10,5,Non-Travel,No
EMP_COMP_BAD_00659_00024,Donald Martinez,Male,25,Engineering,IT Administrator,5,3,4,3,1,7029,15,0,13,1,21,23,Travel_Frequently,No
EMP_COMP_BAD_00659_00025,Michael Rodriguez,Female,30,Engineering,Product Manager,5,3,4,3,2,15791,17,0,10,9,17,21,Non-Travel,Yes
EMP_COMP_BAD_00659_00026,Ashley Gonzalez,Female,58,Engineering,Software Engineer,5,3,4,3,3,9375,12,2,15,10,17,12,Travel_Rarely,No
EMP_COMP_BAD_00659_00027,Jennifer Brown,Male,29,IT,Research Scientist,5,2,2,1,2,7590,21,0,4,1,14,22,Travel_Rarely,Yes
EMP_COMP_BAD_00659_00028,Daniel Williams,Male,33,Human Resources,Product Manager,4,2,3,3,3,13345,22,3,11,9,21,24,Travel_Frequently,No
EMP_COMP_BAD_00659_00029,Linda Lopez,Female,46,Research and Development,Support Specialist,4,1,1,4,3,4929,14,2,14,6,14,5,Non-Travel,No
EMP_COMP_BAD_00659_00030,Richard Gonzalez,Female,38,Operations,Software Engineer,4,1,1,1,1,5917,23,1,12,6,17,9,Travel_Rarely,Yes
EMP_COMP_BAD_00659_00031,Emily Perez,Male,56,IT,IT Administrator,4,3,4,3,2,8848,17,2,13,10,20,8,Non-Travel,No
EMP_COMP_BAD_00659_00032,Betty Jackson,Male,50,Finance,Sales Representative,3,1,3,3,2,8585,23,3,3,0,4,23,Travel_Rarely,No
EMP_COMP_BAD_00659_00033,Mark Thomas,Male,57,Marketing,Financial Analyst,3,4,2,3,1,11854,16,3,5,5,8,22,Non-Travel,No
EMP_COMP_BAD_00659_00034,Mary Walker,Female,40,Operations,Research Scientist,2,2,1,1,3,6572,12,2,14,4,24,9,Non-Travel,Yes
EMP_COMP_BAD_00659_00035,Steven Lewis,Female,24,IT,Support Specialist,4,2,1,2,2,10870,16,1,14,2,22,22,Non-Travel,Yes
EMP_COMP_BAD_00659_00036,Matthew Thomas,Female,24,Engineering,Support Specialist,1,2,4,2,3,11250,19,1,12,6,16,21,Non-Travel,Yes
EMP_COMP_BAD_00659_00037,James Harris,Female,43,Support,Support Specialist,5,2,3,1,2,7757,13,2,11,9,17,22,Non-Travel,No
EMP_COMP_BAD_00659_00038,Donald Martinez,Female,56,Operations,Business Analyst,3,2,1,4,4,14565,15,0,10,5,19,5,Travel_Frequently,Yes
EMP_COMP_BAD_00659_00039,David Sanchez,Male,52,Marketing,Business Analyst,2,4,3,1,2,8859,24,1,2,0,12,20,Travel_Frequently,No
EMP_COMP_BAD_00659_00040,Sandra White,Female,37,IT,Product Manager,5,4,1,2,1,10482,17,0,4,4,12,13,Travel_Rarely,No
EMP_COMP_BAD_00659_00041,Joseph Taylor,Male,52,Human Resources,Business Analyst,3,1,4,3,3,7849,23,3,11,10,19,5,Travel_Frequently,No
EMP_COMP_BAD_00659_00042,Steven Garcia,Female,43,Engineering,Accountant,1,2,4,4,1,4700,22,3,9,4,10,29,Non-Travel,Yes
EMP_COMP_BAD_00659_00043,Michael Brown,Female,52,Research and Development,Sales Representative,3,2,1,1,4,8013,18,1,15,1,18,5,Travel_Rarely,No
EMP_COMP_BAD_00659_00044,Emily Garcia,Female,32,Research and Development,Accountant,1,4,3,2,3,13256,16,0,0,0,1,12,Travel_Frequently,No
EMP_COMP_BAD_00659_00045,Amanda Miller,Female,32,Research and Development,Product Manager,4,3,2,4,1,8283,14,0,13,7,21,24,Non-Travel,Yes
EMP_COMP_BAD_00659_00046,Ashley Gonzalez,Male,28,Marketing,HR Manager,4,1,3,4,1,5005,22,2,8,2,8,24,Non-Travel,Yes
EMP_COMP_BAD_00659_00047,James Jones,Female,23,Research and Development,Research Scientist,3,1,2,3,1,5452,13,0,9,2,19,25,Travel_Rarely,No
EMP_COMP_BAD_00659_00048,Sarah Anderson,Male,37,Operations,HR Manager,4,1,2,4,1,10406,20,1,3,1,9,18,Travel_Frequently,No
EMP_COMP_BAD_00659_00049,Sarah Miller,Female,46,Sales,Research Scientist,4,4,2,3,2,8300,15,1,5,0,11,18,Travel_Rarely,Yes
EMP_COMP_BAD_00659_00050,Sarah Garcia,Male,39,Marketing,Marketing Manager,1,2,3,1,3,12034,24,3,12,0,21,2,Non-Travel,No
EMP_COMP_BAD_00659_00051,Christopher Rodriguez,Male,58,Engineering,Support Specialist,1,4,1,2,3,4807,14,0,13,5,21,13,Travel_Rarely,No
EMP_COMP_BAD_00659_00052,Sarah Thomas,Female,38,Human Resources,Financial Analyst,4,1,1,1,1,5040,13,3,8,8,15,6,Travel_Rarely,Yes
EMP_COMP_BAD_00659_00053,Sarah Gonzalez,Female,53,Research and Development,HR Manager,1,4,3,2,3,9208,14,3,11,4,18,20,Non-Travel,Yes
EMP_COMP_BAD_00659_00054,Joshua Hernandez,Female,22,Support,Sales Representative,2,2,1,3,2,15522,25,0,15,4,18,22,Travel_Rarely,No
EMP_COMP_BAD_00659_00055,Emily Lewis,Male,52,Marketing,Research Scientist,2,4,3,3,4,14687,11,1,3,3,6,11,Non-Travel,Yes
EMP_COMP_BAD_00659_00056,Robert Sanchez,Female,56,Legal,Sales Representative,4,2,1,2,4,5984,15,3,13,8,16,23,Travel_Rarely,Yes
EMP_COMP_BAD_00659_00057,Paul Thomas,Male,57,Marketing,Data Scientist,4,3,3,3,4,9074,16,3,1,1,7,24,Non-Travel,Yes
EMP_COMP_BAD_00659_00058,Donald Ramirez,Male,48,Marketing,HR Manager,5,1,3,2,1,6038,17,0,7,5,17,17,Travel_Rarely,No
EMP_COMP_BAD_00659_00059,Margaret Gonzalez,Male,36,Support,Data Scientist,4,3,3,2,2,5712,16,3,13,5,15,25,Non-Travel,No
EMP_COMP_BAD_00659_00060,Michelle Lopez,Female,55,Operations,Marketing Manager,2,1,2,1,1,7834,12,1,2,2,10,1,Travel_Rarely,Yes
EMP_COMP_BAD_00659_00061,Joshua Ramirez,Female,28,Human Resources,Sales Representative,2,4,3,2,3,9345,18,3,7,0,8,26,Travel_Rarely,No
EMP_COMP_BAD_00659_00062,Linda Wilson,Male,32,Human Resources,Business Analyst,3,2,2,4,3,12712,25,1,10,10,17,19,Travel_Frequently,No
EMP_COMP_BAD_00659_00063,Brian Martin,Male,50,Support,Business Analyst,4,3,1,3,2,8157,19,2,9,6,11,6,Travel_Rarely,No
EMP_COMP_BAD_00659_00064,Charles Lee,Male,45,Engineering,HR Manager,2,4,1,2,1,15784,15,3,12,1,17,8,Travel_Frequently,No
EMP_COMP_BAD_00659_00065,Andrew Lee,Female,40,Support,Software Engineer,4,4,2,1,1,16449,16,2,10,5,16,8,Non-Travel,Yes
EMP_COMP_BAD_00659_00066,Jessica Harris,Male,37,Research and Development,Sales Representative,1,4,3,4,4,8927,24,0,10,3,11,22,Travel_Rarely,No
EMP_COMP_BAD_00659_00067,Emily Jones,Male,38,Finance,Software Engineer,4,1,2,1,4,10435,15,3,12,0,22,23,Travel_Frequently,No
EMP_COMP_BAD_00659_00068,Susan Clark,Male,41,Marketing,Sales Representative,3,3,1,4,1,9814,25,2,8,8,12,13,Travel_Rarely,Yes
EMP_COMP_BAD_00659_00069,Andrew Martinez,Female,57,Research and Development,Product Manager,1,1,2,4,1,14758,19,1,11,9,15,23,Travel_Rarely,Yes
EMP_COMP_BAD_00659_00070,Susan Anderson,Female,35,Finance,Business Analyst,1,3,2,2,4,5451,20,2,4,4,7,18,Travel_Frequently,Yes
EMP_COMP_BAD_00659_00071,Barbara Lopez,Male,37,Support,Marketing Manager,3,3,2,1,2,15201,23,1,6,4,13,24,Non-Travel,No
EMP_COMP_BAD_00659_00072,James Harris,Male,32,IT,Software Engineer,1,1,2,3,3,8944,13,3,7,6,14,18,Non-Travel,No
EMP_COMP_BAD_00659_00073,Steven Lewis,Female,37,Operations,Business Analyst,1,4,4,3,4,7598,13,1,3,3,11,15,Non-Travel,No
EMP_COMP_BAD_00659_00074,Charles Martinez,Male,22,Marketing,Marketing Manager,2,2,1,4,3,8990,21,3,15,1,24,27,Non-Travel,No
EMP_COMP_BAD_00659_00075,Donald Hernandez,Female,36,Marketing,Product Manager,5,3,4,2,4,10219,16,2,6,1,11,4,Travel_Rarely,No
EMP_COMP_BAD_00659_00076,Carol Williams,Male,55,Human Resources,Legal Counsel,4,1,2,3,2,7275,16,1,6,6,10,10,Travel_Rarely,No
EMP_COMP_BAD_00659_00077,Susan Lee,Male,57,Finance,Accountant,4,2,2,3,3,4694,11,1,3,3,5,13,Travel_Rarely,No
EMP_COMP_BAD_00659_00078,Donald Walker,Male,31,Finance,Support Specialist,2,4,2,4,4,7068,23,2,8,5,12,25,Non-Travel,No
EMP_COMP_BAD_00659_00079,Joseph Perez,Male,45,Sales,Sales Representative,3,2,3,2,3,4502,15,2,3,3,4,17,Travel_Rarely,No
EMP_COMP_BAD_00659_00080,Kevin Miller,Male,48,Finance,Data Scientist,1,2,3,2,4,7451,17,1,0,0,9,5,Non-Travel,Yes
EMP_COMP_BAD_00659_00081,George Brown,Female,24,Operations,Business Analyst,1,3,2,2,3,4255,12,1,15,2,16,15,Non-Travel,No
EMP_COMP_BAD_00659_00082,Jennifer Moore,Female,56,Research and Development,HR Manager,1,3,4,2,3,10303,17,3,14,8,24,4,Travel_Frequently,No
EMP_COMP_BAD_00659_00083,Thomas Anderson,Female,42,Support,IT Administrator,4,4,3,1,1,6590,13,1,4,4,4,20,Non-Travel,No
EMP_COMP_BAD_00659_00084,Donna Harris,Female,52,Legal,Software Engineer,3,1,2,3,2,16229,14,2,1,1,11,24,Non-Travel,Yes
EMP_COMP_BAD_00659_00085,Anthony White,Male,52,Support,HR Manager,1,3,4,2,4,7207,20,1,5,3,7,22,Travel_Frequently,Yes
EMP_COMP_BAD_00659_00086,Amanda Gonzalez,Female,32,Operations,Research Scientist,1,1,1,4,1,7668,13,0,10,6,15,9,Non-Travel,No
EMP_COMP_BAD_00659_00087,Dorothy Lee,Male,43,Marketing,IT Administrator,4,1,4,4,2,7903,11,2,6,6,16,18,Travel_Frequently,No
EMP_COMP_BAD_00659_00088,Mary Brown,Male,52,Marketing,Product Manager,5,4,4,2,4,5620,24,1,6,1,7,7,Non-Travel,No
EMP_COMP_BAD_00659_00089,Susan Moore,Male,27,Finance,Accountant,1,3,3,4,4,7551,14,2,2,2,2,11,Travel_Frequently,Yes
EMP_COMP_BAD_00659_00090,Patricia Ramirez,Male,49,Human Resources,Business Analyst,2,2,2,1,2,3689,12,1,14,7,14,26,Travel_Frequently,Yes
EMP_COMP_BAD_00659_00091,Richard Robinson,Male,25,Finance,Legal Counsel,4,1,1,1,1,14862,18,2,2,0,12,28,Travel_Frequently,Yes
EMP_COMP_BAD_00659_00092,Michelle Sanchez,Male,30,Finance,Operations Manager,3,4,3,3,2,7886,25,2,4,4,14,10,Travel_Rarely,No
EMP_COMP_BAD_00659_00093,Donald Williams,Male,40,Support,Legal Counsel,2,3,3,3,2,8942,17,3,9,6,19,17,Travel_Frequently,Yes
EMP_COMP_BAD_00659_00094,Mark Moore,Female,22,Legal,Business Analyst,3,1,4,3,4,11832,12,1,2,2,11,5,Travel_Frequently,No
EMP_COMP_BAD_00659_00095,William Taylor,Female,27,Human Resources,Accountant,3,2,1,1,3,11687,15,2,4,4,5,17,Non-Travel,No
EMP_COMP_BAD_00659_00096,Linda Lee,Male,38,Support,Marketing Manager,2,4,4,4,1,15049,21,1,11,0,17,20,Non-Travel,No
EMP_COMP_BAD_00659_00097,Michelle Clark,Female,37,Sales,Data Scientist,1,2,1,3,3,15403,14,1,8,8,14,7,Non-Travel,No
EMP_COMP_BAD_00659_00098,Donald Taylor,Male,57,Operations,HR Manager,5,3,1,2,4,9449,19,2,10,3,14,26,Non-Travel,No
EMP_COMP_BAD_00659_00099,Melissa Davis,Female,42,Marketing,Product Manager,1,3,2,1,3,7890,15,0,11,3,15,28,Travel_Rarely,No
EMP_COMP_BAD_00659_00100,Kenneth Smith,Male,29,Sales,Accountant,1,3,3,2,2,8578,11,2,1,1,5,28,Travel_Rarely,Yes
EMP_COMP_BAD_00659_00101,Thomas Moore,Male,54,Finance,Support Specialist,4,1,4,3,1,5726,19,2,3,3,3,7,Travel_Rarely,Yes
EMP_COMP_BAD_00659_00102,Charles Lee,Male,29,Support,Operations Manager,1,2,1,3,1,9142,12,3,7,7,13,21,Non-Travel,Yes
EMP_COMP_BAD_00659_00103,Robert Thompson,Male,43,Operations,Research Scientist,5,3,1,4,4,8100,23,3,1,1,4,10,Travel_Rarely,Yes
EMP_COMP_BAD_00659_00104,Kimberly Taylor,Male,29,Legal,Operations Manager,3,3,3,1,1,11096,13,3,1,1,6,19,Non-Travel,No
EMP_COMP_BAD_00659_00105,Matthew Anderson,Female,42,Engineering,Operations Manager,1,1,4,1,2,5647,13,2,2,2,10,21,Non-Travel,No
EMP_COMP_BAD_00659_00106,Karen Robinson,Female,46,Finance,Legal Counsel,3,1,1,4,1,5058,21,2,2,2,7,2,Non-Travel,Yes
EMP_COMP_BAD_00659_00107,Jessica Brown,Male,30,Finance,Marketing Manager,2,4,2,3,1,6584,16,3,13,9,17,18,Non-Travel,Yes
EMP_COMP_BAD_00659_00108,Lisa Williams,Male,28,Human Resources,Software Engineer,1,1,1,2,2,9017,14,1,0,0,9,8,Travel_Frequently,No
EMP_COMP_BAD_00659_00109,Dorothy Martin,Female,54,Engineering,HR Manager,5,2,2,1,3,3921,23,3,10,10,14,20,Non-Travel,Yes
EMP_COMP_BAD_00659_00110,David Moore,Female,36,Operations,HR Manager,2,3,4,1,2,9605,19,0,4,4,13,10,Travel_Rarely,Yes
EMP_COMP_BAD_00659_00111,Donald Wilson,Female,56,Finance,IT Administrator,3,4,2,4,4,5544,13,0,11,3,17,24,Travel_Rarely,Yes
EMP_COMP_BAD_00659_00112,Michael Davis,Female,35,Human Resources,Operations Manager,2,1,3,4,2,15135,12,1,15,3,20,6,Non-Travel,Yes
EMP_COMP_BAD_00659_00113,George Wilson,Female,31,Engineering,Accountant,2,1,4,3,1,5993,23,1,12,10,14,4,Travel_Rarely,No
EMP_COMP_BAD_00659_00114,Mary Thomas,Female,38,Legal,Operations Manager,4,3,2,2,2,5033,16,1,4,4,9,13,Travel_Frequently,No
EMP_COMP_BAD_00659_00115,Amanda Anderson,Female,53,IT,Support Specialist,4,3,4,3,4,10180,25,0,1,1,2,27,Non-Travel,No
EMP_COMP_BAD_00659_00116,Jessica Martinez,Female,30,Support,Legal Counsel,5,1,1,2,2,4587,16,3,6,4,8,18,Travel_Rarely,No
EMP_COMP_BAD_00659_00117,Anthony Walker,Male,50,Legal,Marketing Manager,3,3,3,2,3,14542,13,0,13,4,15,5,Non-Travel,Yes
EMP_COMP_BAD_00659_00118,Steven Martin,Male,22,Finance,Software Engineer,1,3,3,2,1,8291,16,1,3,3,11,25,Travel_Rarely,No
EMP_COMP_BAD_00659_00119,David Jackson,Male,53,Human Resources,Financial Analyst,1,3,4,4,4,5823,23,2,14,5,18,7,Travel_Frequently,No
EMP_COMP_BAD_00659_00120,Emily Harris,Male,49,IT,Legal Counsel,3,4,2,1,2,9593,25,0,2,0,2,3,Travel_Rarely,Yes
EMP_COMP_BAD_00659_00121,Melissa Harris,Male,24,Legal,Support Specialist,5,4,4,1,2,4177,16,3,11,0,11,23,Travel_Rarely,Yes
EMP_COMP_BAD_00659_00122,Kimberly Thomas,Male,56,Legal,Support Specialist,5,2,2,1,3,6224,22,2,9,7,13,26,Travel_Frequently,No
EMP_COMP_BAD_00659_00123,Jennifer Wilson,Female,34,Research and Development,Product Manager,5,2,2,2,3,3574,24,0,11,6,12,8,Non-Travel,Yes
EMP_COMP_BAD_00659_00124,Emily Garcia,Male,34,IT,Support Specialist,5,1,2,3,2,6521,20,0,3,0,11,3,Travel_Frequently,No
EMP_COMP_BAD_00659_00125,Richard White,Male,42,Marketing,HR Manager,4,2,2,4,2,10452,22,0,1,1,9,22,Travel_Frequently,No
EMP_COMP_BAD_00659_00126,Lisa Sanchez,Female,32,Support,HR Manager,4,3,4,1,4,6094,16,3,1,1,4,23,Travel_Frequently,No
EMP_COMP_BAD_00659_00127,John Brown,Female,50,Legal,Product Manager,5,2,4,3,1,7234,17,0,9,7,13,14,Travel_Rarely,Yes
EMP_COMP_BAD_00659_00128,James Lopez,Male,30,Research and Development,Research Scientist,1,1,4,1,3,15128,12,2,3,3,12,3,Travel_Rarely,Yes
EMP_COMP_BAD_00659_00129,Joseph Smith,Male,33,Finance,Data Scientist,3,4,3,2,1,10451,14,0,14,5,24,6,Travel_Frequently,No
EMP_COMP_BAD_00659_00130,Kevin Taylor,Female,52,Research and Development,Marketing Manager,5,2,1,2,4,6404,23,2,3,3,6,24,Travel_Frequently,No
EMP_COMP_BAD_00659_00131,Margaret Robinson,Male,47,Legal,Software Engineer,5,3,4,3,3,14919,18,3,7,7,16,11,Travel_Rarely,Yes
EMP_COMP_BAD_00659_00132,Steven Clark,Female,42,Legal,Accountant,5,4,3,2,3,15198,11,1,15,6,25,24,Travel_Rarely,No
EMP_COMP_BAD_00659_00133,Nancy Martin,Female,32,Human Resources,Product Manager,5,2,4,4,3,4646,19,0,9,1,18,5,Non-Travel,No
EMP_COMP_BAD_00659_00134,Kimberly Gonzalez,Female,37,Finance,Data Scientist,1,2,4,1,3,8985,12,2,7,5,8,21,Travel_Frequently,No
EMP_COMP_BAD_00659_00135,Nancy Clark,Female,56,Operations,Research Scientist,1,3,1,3,1,3999,20,3,9,0,18,4,Travel_Rarely,No
EMP_COMP_BAD_00659_00136,George Clark,Male,52,Finance,Accountant,1,3,3,1,4,7706,13,3,7,6,11,2,Travel_Frequently,No
EMP_COMP_BAD_00659_00137,Michael Brown,Male,56,Research and Development,Support Specialist,1,4,3,1,4,11058,21,1,3,0,5,8,Non-Travel,Yes
EMP_COMP_BAD_00659_00138,Mark Garcia,Female,37,Legal,Marketing Manager,1,3,1,3,1,9481,25,3,1,1,11,8,Non-Travel,Yes
EMP_COMP_BAD_00659_00139,Joshua Hernandez,Male,40,Support,Business Analyst,4,2,3,1,2,9913,20,2,12,0,16,7,Travel_Rarely,No
EMP_COMP_BAD_00659_00140,Joshua Perez,Female,52,Marketing,Legal Counsel,2,3,4,2,4,5803,20,1,7,7,14,7,Non-Travel,No
EMP_COMP_BAD_00659_00141,Mark Johnson,Female,33,Marketing,Software Engineer,4,4,2,4,4,7695,21,1,7,5,15,18,Non-Travel,No
EMP_COMP_BAD_00659_00142,Sandra Thomas,Male,29,Legal,Marketing Manager,4,2,2,3,4,8068,16,1,9,4,12,5,Travel_Rarely,Yes
EMP_COMP_BAD_00659_00143,Anthony Jones,Female,25,Marketing,Software Engineer,1,4,1,2,1,11700,23,3,11,2,13,9,Non-Travel,No
EMP_COMP_BAD_00659_00144,David Lewis,Female,42,Finance,Sales Representative,1,1,2,1,2,3966,17,2,7,2,14,28,Travel_Rarely,No
EMP_COMP_BAD_00659_00145,Sandra Jackson,Male,41,Marketing,Sales Representative,4,1,1,3,4,10581,13,3,13,3,18,19,Non-Travel,Yes
EMP_COMP_BAD_00659_00146,Jessica Lewis,Female,48,Operations,HR Manager,5,2,3,2,1,10370,19,3,5,5,10,3,Travel_Frequently,Yes
EMP_COMP_BAD_00659_00147,Ashley Thompson,Female,36,Human Resources,Research Scientist,2,3,2,4,2,4272,13,1,4,4,12,19,Non-Travel,Yes
EMP_COMP_BAD_00659_00148,Barbara Smith,Male,28,Research and Development,Business Analyst,3,1,3,4,2,10863,12,2,3,3,8,24,Non-Travel,No
EMP_COMP_BAD_00659_00149,Paul Lewis,Male,23,Engineering,Product Manager,3,3,1,1,2,6975,17,0,7,0,8,3,Travel_Rarely,Yes
EMP_COMP_BAD_00659_00150,Linda Martinez,Female,40,Finance,Accountant,4,2,2,4,2,5565,17,2,3,3,11,3,Non-Travel,No
EMP_COMP_BAD_00659_00151,Jennifer Davis,Female,36,Legal,Software Engineer,5,3,1,2,2,8864,20,1,3,1,10,12,Travel_Rarely,Yes
EMP_COMP_BAD_00659_00152,Michelle Martin,Female,37,Sales,Product Manager,4,2,2,4,1,12220,25,2,14,9,15,20,Travel_Rarely,No
EMP_COMP_BAD_00659_00153,Mark Anderson,Female,51,Legal,HR Manager,3,3,1,1,2,9704,24,3,3,3,3,12,Travel_Frequently,No
EMP_COMP_BAD_00659_00154,Carol Robinson,Female,44,Engineering,Research Scientist,2,3,2,4,1,15720,14,3,4,4,10,8,Travel_Rarely,Yes
EMP_COMP_BAD_00659_00155,Daniel Garcia,Male,36,Marketing,Software Engineer,3,3,1,1,1,6766,11,0,5,2,13,9,Non-Travel,No
EMP_COMP_BAD_00659_00156,Joseph Lewis,Male,33,Human Resources,HR Manager,2,3,1,4,1,15021,11,0,0,0,9,3,Travel_Frequently,No
EMP_COMP_BAD_00659_00157,Emily Harris,Female,24,Sales,Legal Counsel,5,2,3,2,4,8119,23,1,8,7,14,4,Travel_Rarely,No
EMP_COMP_BAD_00659_00158,John Williams,Male,33,Human Resources,Financial Analyst,5,3,1,2,3,4370,16,0,10,10,13,25,Travel_Rarely,Yes
EMP_COMP_BAD_00659_00159,Sarah Garcia,Male,26,Human Resources,Software Engineer,2,4,4,1,3,6152,15,2,12,6,14,6,Non-Travel,Yes
EMP_COMP_BAD_00659_00160,Margaret Ramirez,Female,25,IT,Sales Representative,1,1,3,1,2,11840,16,1,3,3,4,7,Travel_Rarely,No
EMP_COMP_BAD_00659_00161,Sandra White,Female,45,Marketing,Sales Representative,3,2,1,3,4,4983,12,3,6,4,12,17,Non-Travel,No
EMP_COMP_BAD_00659_00162,Kimberly Thompson,Male,25,Marketing,Accountant,1,2,2,3,2,8856,16,1,4,3,9,26,Non-Travel,No
EMP_COMP_BAD_00659_00163,Lisa Thomas,Male,33,Support,Financial Analyst,4,2,4,3,1,14515,25,3,0,0,1,23,Non-Travel,No
EMP_COMP_BAD_00659_00164,Elizabeth Clark,Male,50,Engineering,Support Specialist,2,3,3,2,3,15498,12,2,14,10,18,29,Travel_Frequently,Yes
EMP_COMP_BAD_00659_00165,Anthony Miller,Male,40,Sales,IT Administrator,5,1,3,2,1,7279,17,3,6,6,12,11,Travel_Frequently,No
EMP_COMP_BAD_00659_00166,Elizabeth Walker,Male,32,IT,Marketing Manager,3,4,3,3,1,7232,21,0,2,2,5,13,Travel_Frequently,Yes
EMP_COMP_BAD_00659_00167,Brian Harris,Male,44,Finance,Research Scientist,4,3,2,2,4,14645,24,1,1,1,2,20,Travel_Rarely,No
EMP_COMP_BAD_00659_00168,Mark Lee,Male,42,Operations,Product Manager,5,3,4,2,4,15434,14,0,9,4,15,20,Travel_Frequently,Yes
EMP_COMP_BAD_00659_00169,Joshua Thompson,Female,34,Sales,Legal Counsel,1,1,1,2,3,6921,17,3,10,1,19,24,Non-Travel,No
EMP_COMP_BAD_00659_00170,Brian Moore,Male,24,Human Resources,HR Manager,2,4,1,1,3,16053,14,1,4,1,7,9,Travel_Frequently,No
EMP_COMP_BAD_00659_00171,Emily White,Female,46,Marketing,Financial Analyst,3,4,2,4,4,11050,19,3,6,6,16,11,Travel_Rarely,No
EMP_COMP_BAD_00659_00172,Anthony Harris,Male,42,Legal,Sales Representative,1,2,2,4,2,6687,14,1,13,4,20,13,Travel_Frequently,Yes
EMP_COMP_BAD_00659_00173,Michelle Walker,Male,32,Marketing,Product Manager,2,3,3,1,4,10594,12,0,14,6,24,15,Travel_Frequently,No
EMP_COMP_BAD_00659_00174,Matthew Hernandez,Female,24,Legal,Data Scientist,5,4,4,1,2,9583,23,3,2,2,8,19,Travel_Frequently,Yes
EMP_COMP_BAD_00659_00175,Mark Martinez,Male,44,IT,Support Specialist,4,4,4,4,1,3608,17,3,10,7,11,16,Non-Travel,Yes
EMP_COMP_BAD_00659_00176,Linda Miller,Male,49,IT,Support Specialist,3,3,4,1,1,4196,21,1,10,1,14,19,Travel_Rarely,Yes
EMP_COMP_BAD_00659_00177,Thomas Jones,Female,42,Sales,Data Scientist,2,3,4,3,4,13316,21,2,9,9,13,29,Travel_Frequently,No
EMP_COMP_BAD_00659_00178,Dorothy Lee,Male,49,Marketing,Marketing Manager,4,1,1,4,2,13321,15,1,5,1,7,8,Travel_Rarely,Yes
EMP_COMP_BAD_00659_00179,Michael Garcia,Male,30,Marketing,Sales Representative,4,1,4,3,2,3827,21,3,11,7,12,1,Travel_Rarely,Yes
EMP_COMP_BAD_00659_00180,Joshua Robinson,Female,46,Legal,Product Manager,4,4,2,3,2,6811,19,0,3,3,6,2,Non-Travel,Yes
EMP_COMP_BAD_00659_00181,Robert Thomas,Male,40,Marketing,Research Scientist,5,4,2,3,3,7660,11,0,0,0,1,9,Non-Travel,No
EMP_COMP_BAD_00659_00182,Carol Sanchez,Female,32,IT,Sales Representative,4,3,3,3,3,10120,12,0,13,5,20,20,Travel_Frequently,No
EMP_COMP_BAD_00659_00183,Joseph White,Male,34,Marketing,Business Analyst,1,2,2,1,1,5622,21,0,13,8,18,29,Travel_Rarely,Yes
EMP_COMP_BAD_00659_00184,Charles Taylor,Male,46,Marketing,Product Manager,5,1,2,2,2,7331,17,1,10,6,17,26,Travel_Frequently,Yes
EMP_COMP_BAD_00659_00185,Barbara Ramirez,Male,52,IT,HR Manager,3,1,2,1,3,5347,11,1,8,1,18,14,Non-Travel,Yes
EMP_COMP_BAD_00659_00186,Joseph Martinez,Female,37,Sales,Support Specialist,2,4,2,4,1,10184,20,3,3,3,8,9,Non-Travel,Yes
EMP_COMP_BAD_00659_00187,Carol Davis,Female,57,Operations,Financial Analyst,3,1,4,3,1,5037,21,3,7,7,10,20,Non-Travel,No
EMP_COMP_BAD_00659_00188,William Smith,Male,56,Human Resources,Sales Representative,2,1,3,4,2,15423,21,1,11,1,13,10,Travel_Rarely,No
EMP_COMP_BAD_00659_00189,Emily Lopez,Male,24,Engineering,Business Analyst,1,2,1,4,3,6872,16,2,7,7,15,26,Non-Travel,No
EMP_COMP_BAD_00659_00190,Ashley Harris,Female,57,Research and Development,IT Administrator,1,3,3,4,3,4582,15,1,12,9,21,21,Travel_Rarely,No
EMP_COMP_BAD_00659_00191,Andrew Lee,Female,41,Research and Development,Support Specialist,4,4,4,2,1,15621,23,1,11,2,19,11,Travel_Frequently,Yes
EMP_COMP_BAD_00659_00192,Jennifer Ramirez,Male,50,Support,Data Scientist,4,2,2,3,2,11538,23,2,0,0,2,26,Travel_Rarely,No
EMP_COMP_BAD_00659_00193,William Brown,Male,28,Human Resources,IT Administrator,4,2,2,4,3,10023,25,3,0,0,2,22,Travel_Frequently,Yes
EMP_COMP_BAD_00659_00194,Sarah Lopez,Male,34,Legal,IT Administrator,4,1,2,3,1,8361,18,0,1,1,4,19,Travel_Frequently,Yes
EMP_COMP_BAD_00659_00195,Mark Rodriguez,Male,49,Finance,IT Administrator,2,3,3,2,4,15653,14,1,10,4,17,26,Travel_Frequently,Yes
EMP_COMP_BAD_00659_00196,Sarah Johnson,Female,47,Finance,IT Administrator,5,3,2,4,3,8158,13,1,3,3,5,11,Travel_Frequently,No
EMP_COMP_BAD_00659_00197,Kenneth Miller,Female,51,Operations,Marketing Manager,4,4,2,1,4,15229,17,3,6,6,15,21,Non-Travel,Yes
EMP_COMP_BAD_00659_00198,Kevin Jackson,Male,40,Finance,Data Scientist,5,3,1,3,4,5657,24,3,12,10,17,18,Travel_Rarely,Yes
EMP_COMP_BAD_00659_00199,Michael Sanchez,Female,25,Engineering,Product Manager,4,4,2,2,3,4906,24,2,5,1,13,22,Travel_Rarely,No
EMP_COMP_BAD_00659_00200,William Lopez,Female,42,Support,Business Analyst,3,1,3,3,1,10309,17,3,14,1,15,8,Travel_Rarely,No
EMP_COMP_BAD_00659_00201,Linda Hernandez,Male,27,Research and Development,Support Specialist,2,3,2,1,2,3749,13,0,10,6,13,6,Travel_Frequently,No
EMP_COMP_BAD_00659_00202,Joshua Jackson,Female,24,Legal,Support Specialist,2,1,4,1,2,15107,15,0,9,9,17,19,Travel_Frequently,No
EMP_COMP_BAD_00659_00203,Richard Johnson,Female,38,Research and Development,Software Engineer,2,3,2,3,3,5254,11,2,6,6,13,20,Travel_Rarely,Yes
EMP_COMP_BAD_00659_00204,Paul Thomas,Female,35,Operations,Product Manager,3,1,3,4,1,8981,13,0,14,5,22,29,Travel_Rarely,Yes
EMP_COMP_BAD_00659_00205,Kenneth Walker,Male,41,Marketing,Operations Manager,2,3,2,1,3,5723,18,1,3,3,11,12,Travel_Rarely,Yes
EMP_COMP_BAD_00659_00206,Joshua Thompson,Female,30,Finance,Support Specialist,2,3,3,1,3,9358,19,1,15,0,22,23,Travel_Rarely,Yes
EMP_COMP_BAD_00659_00207,Emily Rodriguez,Male,31,Operations,Marketing Manager,4,1,1,4,1,8224,25,3,14,9,20,16,Travel_Rarely,Yes
EMP_COMP_BAD_00659_00208,Brian Lopez,Male,43,IT,Business Analyst,3,3,2,2,1,4967,25,3,1,1,3,25,Travel_Frequently,Yes
EMP_COMP_BAD_00659_00209,Thomas Perez,Female,40,Research and Development,Data Scientist,4,4,1,2,1,5257,14,2,12,3,15,17,Travel_Rarely,No
EMP_COMP_BAD_00659_00210,Karen Thomas,Male,40,Sales,Financial Analyst,5,1,1,1,3,6964,23,2,13,2,16,5,Non-Travel,Yes
EMP_COMP_BAD_00659_00211,Kenneth Wilson,Female,27,IT,Software Engineer,4,4,2,1,2,8599,25,1,6,6,15,1,Non-Travel,Yes
EMP_COMP_BAD_00659_00212,Elizabeth Walker,Male,37,IT,HR Manager,3,1,4,1,4,10381,23,3,15,3,23,4,Travel_Rarely,Yes
EMP_COMP_BAD_00659_00213,David Davis,Female,41,IT,Legal Counsel,1,2,2,4,3,14815,15,2,14,4,18,6,Travel_Rarely,No
EMP_COMP_BAD_00659_00214,Dorothy Walker,Male,24,Sales,Sales Representative,1,3,4,3,4,5350,15,3,1,1,1,29,Travel_Rarely,No
EMP_COMP_BAD_00659_00215,Karen Jackson,Male,52,Sales,IT Administrator,1,3,1,1,2,9058,17,3,11,10,17,25,Travel_Frequently,No
EMP_COMP_BAD_00659_00216,Nancy Lee,Female,58,Operations,Accountant,5,1,3,3,3,4936,21,3,0,0,3,8,Travel_Frequently,Yes
EMP_COMP_BAD_00659_00217,David Brown,Male,43,Finance,IT Administrator,1,3,3,1,1,13044,11,0,13,0,17,15,Travel_Rarely,Yes
EMP_COMP_BAD_00659_00218,Steven Jackson,Female,51,Human Resources,Operations Manager,3,4,4,2,2,8632,18,3,4,3,13,29,Travel_Rarely,No
EMP_COMP_BAD_00659_00219,Donna Walker,Male,57,Legal,Research Scientist,5,1,4,2,1,7210,18,0,8,8,8,13,Travel_Rarely,Yes
EMP_COMP_BAD_00659_00220,Betty Wilson,Male,27,Operations,IT Administrator,5,1,2,3,4,4004,13,0,15,8,23,22,Travel_Frequently,Yes
EMP_COMP_BAD_00659_00221,Kimberly Harris,Male,33,Legal,Support Specialist,1,2,3,1,3,8782,18,2,1,1,11,9,Non-Travel,Yes
EMP_COMP_BAD_00659_00222,Dorothy Moore,Female,29,IT,Research Scientist,4,3,4,4,3,4162,15,2,8,3,11,2,Non-Travel,Yes
EMP_COMP_BAD_00659_00223,Richard Jackson,Female,39,Operations,Product Manager,1,4,3,4,3,5305,11,0,1,1,3,12,Travel_Rarely,No
EMP_COMP_BAD_00659_00224,James Walker,Male,55,Sales,Sales Representative,2,1,1,1,1,7912,19,3,9,7,14,22,Non-Travel,Yes
EMP_COMP_BAD_00659_00225,William Lewis,Male,32,Finance,IT Administrator,5,4,4,4,2,6362,17,0,15,10,24,6,Travel_Rarely,No
EMP_COMP_BAD_00659_00226,Kimberly Hernandez,Male,53,Operations,Sales Representative,4,1,1,1,1,14746,22,1,3,0,6,20,Non-Travel,No
EMP_COMP_BAD_00659_00227,Michelle Perez,Female,32,Research and Development,Business Analyst,3,1,1,3,2,12347,13,1,9,4,18,6,Travel_Rarely,No
EMP_COMP_BAD_00659_00228,Paul Davis,Female,36,IT,Sales Representative,1,1,4,3,2,5583,19,3,11,10,11,8,Non-Travel,Yes
EMP_COMP_BAD_00659_00229,Donna White,Male,49,Marketing,Financial Analyst,2,3,4,3,2,10861,22,1,13,8,19,27,Non-Travel,No
EMP_COMP_BAD_00659_00230,Robert Clark,Female,40,Finance,Financial Analyst,4,2,4,4,1,5054,21,2,2,2,6,23,Travel_Rarely,No
EMP_COMP_BAD_00659_00231,Donald Lopez,Female,55,Marketing,Research Scientist,5,1,2,2,4,8586,23,2,2,0,3,18,Non-Travel,No
EMP_COMP_BAD_00659_00232,Matthew Garcia,Female,40,Marketing,Data Scientist,2,1,2,1,1,13419,20,1,6,6,16,1,Travel_Rarely,Yes
EMP_COMP_BAD_00659_00233,Patricia Anderson,Male,43,Sales,IT Administrator,4,3,1,3,3,10112,16,2,3,2,7,28,Travel_Frequently,Yes
EMP_COMP_BAD_00659_00234,George Garcia,Male,35,Legal,Data Scientist,4,2,1,2,2,9859,20,1,12,2,21,9,Non-Travel,Yes
EMP_COMP_BAD_00659_00235,William Martinez,Female,45,Legal,Sales Representative,5,1,3,1,4,10087,24,1,5,4,15,28,Non-Travel,Yes
EMP_COMP_BAD_00659_00236,Margaret Wilson,Male,39,Research and Development,Support Specialist,3,3,4,2,4,8685,23,2,3,3,6,3,Travel_Rarely,Yes
EMP_COMP_BAD_00659_00237,Nancy Lewis,Female,27,IT,IT Administrator,5,4,3,2,1,15693,14,1,15,7,18,22,Travel_Frequently,Yes
EMP_COMP_BAD_00659_00238,Kimberly Hernandez,Male,33,Marketing,Marketing Manager,3,1,1,2,4,12819,12,3,9,5,9,14,Travel_Frequently,Yes
EMP_COMP_BAD_00659_00239,Betty Sanchez,Male,30,Sales,Support Specialist,3,4,2,3,3,4218,24,1,12,5,22,10,Non-Travel,No
EMP_COMP_BAD_00659_00240,Kenneth Martin,Female,28,Support,Operations Manager,3,2,2,4,2,10022,12,3,0,0,8,23,Travel_Rarely,Yes
EMP_COMP_BAD_00659_00241,Melissa Rodriguez,Female,50,Finance,Research Scientist,2,1,3,1,4,12960,12,1,11,0,12,28,Travel_Rarely,No
EMP_COMP_BAD_00659_00242,Daniel Martin,Male,57,Sales,Operations Manager,4,4,2,3,2,9493,24,2,14,2,16,6,Non-Travel,Yes
EMP_COMP_BAD_00659_00243,Donna Miller,Male,47,Human Resources,IT Administrator,3,2,3,1,3,8169,11,2,3,2,5,1,Travel_Rarely,No
EMP_COMP_BAD_00659_00244,Ashley Brown,Male,47,Support,Support Specialist,5,2,1,1,3,9780,12,0,14,5,22,26,Travel_Rarely,Yes
EMP_COMP_BAD_00659_00245,Anthony Anderson,Male,22,Sales,Software Engineer,1,4,1,3,3,9302,21,3,8,8,15,15,Travel_Frequently,Yes
EMP_COMP_BAD_00659_00246,John Taylor,Female,51,Legal,Business Analyst,2,2,2,1,1,5927,24,0,15,3,17,19,Travel_Frequently,Yes
EMP_COMP_BAD_00659_00247,Brian Robinson,Male,45,Engineering,IT Administrator,5,1,4,2,4,8402,22,1,9,7,9,12,Non-Travel,Yes
EMP_COMP_BAD_00659_00248,Robert Williams,Male,50,Engineering,Financial Analyst,5,2,3,2,3,4000,19,2,15,1,19,15,Travel_Rarely,Yes
EMP_COMP_BAD_00659_00249,Joshua Sanchez,Male,56,Support,Software Engineer,4,1,2,4,2,4403,15,0,7,3,15,13,Non-Travel,Yes
EMP_COMP_BAD_00659_00250,Margaret White,Female,29,Legal,Data Scientist,3,2,3,3,1,14753,15,1,12,5,18,12,Travel_Frequently,Yes
EMP_COMP_BAD_00659_00251,Carol Moore,Female,40,Human Resources,Business Analyst,1,2,2,1,2,9088,23,2,8,7,13,28,Non-Travel,Yes
EMP_COMP_BAD_00659_00252,Margaret White,Male,40,IT,Financial Analyst,2,3,4,2,3,4557,21,3,4,4,11,7,Travel_Rarely,No
EMP_COMP_BAD_00659_00253,Daniel Martinez,Female,54,Legal,Marketing Manager,4,4,2,2,2,15628,13,2,15,9,18,3,Non-Travel,No
EMP_COMP_BAD_00659_00254,Joseph Gonzalez,Female,42,IT,Accountant,4,1,4,1,2,3817,22,3,4,4,7,24,Travel_Frequently,No
EMP_COMP_BAD_00659_00255,Emily Thompson,Male,52,IT,Accountant,4,3,1,2,3,8552,18,2,13,4,17,26,Travel_Frequently,Yes
EMP_COMP_BAD_00659_00256,Richard Williams,Male,40,Human Resources,Research Scientist,5,3,4,1,4,5418,17,1,3,3,11,8,Travel_Rarely,No
EMP_COMP_BAD_00659_00257,Lisa Johnson,Male,55,Legal,HR Manager,3,3,2,3,2,7882,23,3,7,6,15,1,Travel_Frequently,Yes
EMP_COMP_BAD_00659_00258,Joseph Johnson,Female,31,Human Resources,Software Engineer,5,3,4,3,1,10190,11,3,15,3,19,27,Travel_Rarely,Yes
EMP_COMP_BAD_00659_00259,Paul Perez,Male,28,Operations,IT Administrator,3,1,3,1,1,8386,22,0,6,6,8,10,Travel_Rarely,Yes
EMP_COMP_BAD_00659_00260,Thomas Rodriguez,Female,49,Research and Development,Accountant,1,2,4,4,1,9776,24,3,3,3,13,11,Travel_Frequently,No
EMP_COMP_BAD_00659_00261,Karen White,Female,32,Legal,Support Specialist,4,4,3,1,3,15216,14,3,11,0,15,4,Non-Travel,Yes
EMP_COMP_BAD_00659_00262,Robert Lewis,Male,27,Legal,Marketing Manager,4,2,1,3,1,12453,20,0,12,2,15,17,Travel_Rarely,Yes
EMP_COMP_BAD_00659_00263,Lisa Johnson,Female,47,Human Resources,Support Specialist,3,2,2,3,4,11856,25,1,9,6,9,14,Travel_Rarely,Yes
EMP_COMP_BAD_00659_00264,Carol Sanchez,Male,35,Sales,Marketing Manager,1,4,3,2,4,7199,18,1,4,3,7,15,Travel_Rarely,Yes
EMP_COMP_BAD_00659_00265,John Anderson,Female,28,Legal,Accountant,3,3,1,2,1,4284,11,3,0,0,0,16,Travel_Rarely,Yes
EMP_COMP_BAD_00659_00266,Robert Gonzalez,Male,44,Sales,Sales Representative,3,2,1,2,1,10036,18,0,6,5,14,23,Non-Travel,Yes
EMP_COMP_BAD_00659_00267,James Brown,Female,24,Finance,Business Analyst,2,1,3,1,1,4909,24,2,5,5,13,3,Non-Travel,Yes
EMP_COMP_BAD_00659_00268,William Martinez,Female,23,Finance,Operations Manager,3,2,1,2,3,14720,13,1,5,3,6,26,Travel_Frequently,Yes
EMP_COMP_BAD_00659_00269,Sandra Sanchez,Male,57,Research and Development,IT Administrator,5,1,3,2,1,7362,25,0,13,8,17,21,Travel_Rarely,No
EMP_COMP_BAD_00659_00270,Donna Davis,Male,48,Research and Development,Support Specialist,1,3,1,1,1,12818,23,2,15,6,15,18,Travel_Rarely,No
EMP_COMP_BAD_00659_00271,Daniel Lewis,Female,39,Research and Development,Accountant,1,1,4,3,4,5403,11,1,5,0,15,28,Travel_Rarely,Yes
EMP_COMP_BAD_00659_00272,Carol Miller,Female,50,Marketing,Accountant,3,2,3,1,4,8596,12,1,7,1,15,4,Travel_Frequently,No
EMP_COMP_BAD_00659_00273,Donna Jones,Male,41,Research and Development,Research Scientist,5,1,1,4,3,6527,18,0,6,6,15,3,Travel_Rarely,Yes
EMP_COMP_BAD_00659_00274,Daniel Hernandez,Female,32,Engineering,Sales Representative,1,1,3,4,1,10695,11,0,15,5,24,14,Non-Travel,No
EMP_COMP_BAD_00659_00275,Steven Miller,Male,39,Human Resources,Operations Manager,5,3,2,4,2,6692,12,0,2,2,11,28,Travel_Frequently,No
EMP_COMP_BAD_00659_00276,Jennifer Williams,Female,36,Support,Research Scientist,2,3,4,3,3,8020,19,2,9,0,9,14,Travel_Frequently,Yes
EMP_COMP_BAD_00659_00277,Anthony Garcia,Male,29,Engineering,HR Manager,5,3,2,3,4,11308,24,0,10,6,17,18,Travel_Rarely,No
EMP_COMP_BAD_00659_00278,Sarah Ramirez,Male,39,Engineering,Legal Counsel,1,3,4,4,2,12165,18,0,1,1,6,8,Non-Travel,No
EMP_COMP_BAD_00659_00279,Anthony Brown,Male,25,Research and Development,HR Manager,2,3,1,3,2,6892,15,2,7,7,8,7,Travel_Frequently,Yes
EMP_COMP_BAD_00659_00280,Charles Moore,Female,35,Finance,Legal Counsel,4,2,2,2,3,8991,12,0,9,6,15,27,Travel_Frequently,No
EMP_COMP_BAD_00659_00281,Richard Clark,Female,32,IT,Business Analyst,5,1,4,3,1,3509,19,1,5,5,8,20,Travel_Frequently,Yes
EMP_COMP_BAD_00659_00282,Nancy Gonzalez,Female,22,Human Resources,Accountant,3,1,4,3,4,4238,14,3,2,2,5,22,Travel_Frequently,Yes
EMP_COMP_BAD_00659_00283,Sarah Ramirez,Male,33,Support,Business Analyst,3,2,2,2,1,7245,17,1,10,5,11,18,Non-Travel,Yes
EMP_COMP_BAD_00659_00284,Jennifer Lopez,Male,44,Sales,HR Manager,2,2,4,3,2,8412,19,0,2,0,9,10,Travel_Frequently,No
EMP_COMP_BAD_00659_00285,Susan Walker,Female,42,Marketing,Business Analyst,2,2,1,1,3,12818,22,3,8,8,16,6,Travel_Frequently,No
EMP_COMP_BAD_00659_00286,William Williams,Male,25,Engineering,HR Manager,1,4,3,1,2,3886,15,2,10,8,19,20,Travel_Rarely,Yes
EMP_COMP_BAD_00659_00287,Christopher Sanchez,Female,58,Engineering,Support Specialist,1,1,1,3,1,9061,20,1,13,7,22,29,Travel_Rarely,No
EMP_COMP_BAD_00659_00288,Richard Lewis,Female,54,Human Resources,Software Engineer,1,4,3,2,1,4562,20,2,10,9,13,7,Travel_Rarely,No
EMP_COMP_BAD_00659_00289,Thomas Anderson,Female,58,Human Resources,Sales Representative,4,4,1,4,1,9850,15,0,9,0,14,21,Non-Travel,No
EMP_COMP_BAD_00659_00290,Margaret Anderson,Male,50,Operations,Business Analyst,2,2,4,4,4,9081,25,1,3,3,7,18,Travel_Rarely,Yes
EMP_COMP_BAD_00659_00291,Dorothy Lee,Male,49,Operations,Software Engineer,3,2,4,4,3,5960,16,1,1,1,9,24,Non-Travel,No
EMP_COMP_BAD_00659_00292,Joshua Sanchez,Male,48,Engineering,Sales Representative,1,1,3,4,4,6533,20,1,14,7,14,13,Travel_Rarely,Yes
EMP_COMP_BAD_00659_00293,Kevin Wilson,Male,50,Research and Development,Marketing Manager,5,4,1,4,1,12942,22,0,0,0,9,22,Non-Travel,No
EMP_COMP_BAD_00659_00294,Thomas Harris,Male,26,Legal,IT Administrator,2,3,2,1,1,10087,18,0,5,2,14,5,Non-Travel,Yes
EMP_COMP_BAD_00659_00295,Joshua Smith,Female,29,Finance,Support Specialist,4,1,1,1,3,8067,22,3,1,1,7,1,Travel_Frequently,No
EMP_COMP_BAD_00659_00296,Donna Martinez,Female,37,Marketing,Sales Representative,3,2,4,3,1,5176,13,0,9,3,9,14,Travel_Rarely,No
EMP_COMP_BAD_00659_00297,William Taylor,Male,52,Marketing,Support Specialist,5,2,3,3,3,8291,19,1,11,5,15,21,Non-Travel,Yes
EMP_COMP_BAD_00659_00298,Elizabeth Thomas,Male,27,Finance,Financial Analyst,3,2,2,3,3,15394,15,1,11,6,18,17,Travel_Frequently,Yes
EMP_COMP_BAD_00659_00299,Kenneth Walker,Female,58,Operations,Financial Analyst,3,3,4,1,2,8930,15,0,3,3,10,15,Travel_Rarely,Yes
EMP_COMP_BAD_00659_00300,Donna Rodriguez,Female,51,Human Resources,Support Specialist,3,1,1,3,1,4526,19,3,1,1,6,1,Travel_Frequently,No
EMP_COMP_BAD_00659_00301,Paul Moore,Female,31,IT,Marketing Manager,5,3,1,1,3,13454,13,1,4,3,12,12,Travel_Frequently,Yes
EMP_COMP_BAD_00659_00302,Lisa Gonzalez,Female,56,Finance,Business Analyst,3,2,3,4,1,6808,20,3,14,7,24,3,Travel_Frequently,No
EMP_COMP_BAD_00659_00303,Lisa Robinson,Female,32,Support,Software Engineer,2,2,3,2,3,9153,13,3,1,1,2,10,Travel_Rarely,No
EMP_COMP_BAD_00659_00304,Ashley Clark,Female,56,Marketing,Data Scientist,4,3,4,2,2,15445,16,0,10,2,16,21,Non-Travel,No
EMP_COMP_BAD_00659_00305,Melissa Brown,Male,36,Operations,Data Scientist,4,1,3,3,3,15612,20,0,4,4,8,18,Travel_Rarely,No
EMP_COMP_BAD_00659_00306,Dorothy Clark,Male,39,Research and Development,Marketing Manager,3,4,2,1,1,3518,24,2,15,8,25,21,Non-Travel,Yes
EMP_COMP_BAD_00659_00307,Mark Walker,Female,25,IT,Research Scientist,4,3,1,1,3,10842,22,1,14,6,15,14,Non-Travel,No
EMP_COMP_BAD_00659_00308,Nancy Martinez,Female,29,Marketing,IT Administrator,3,3,2,1,4,7971,16,2,3,3,7,26,Non-Travel,Yes
EMP_COMP_BAD_00659_00309,Donna Thompson,Male,39,Finance,Legal Counsel,5,4,4,3,3,8696,22,1,1,1,2,26,Travel_Rarely,No
EMP_COMP_BAD_00659_00310,Brian Clark,Female,41,Finance,Software Engineer,2,1,4,4,1,8986,15,1,10,2,12,18,Travel_Frequently,No
EMP_COMP_BAD_00659_00311,Joshua Thomas,Male,22,Engineering,Operations Manager,1,1,3,3,1,6895,25,2,12,8,19,19,Travel_Rarely,Yes
EMP_COMP_BAD_00659_00312,Andrew Moore,Female,39,Marketing,HR Manager,4,4,2,2,4,8297,18,0,6,2,13,2,Travel_Frequently,No
EMP_COMP_BAD_00659_00313,Robert Garcia,Male,25,Legal,Operations Manager,2,2,3,2,2,9234,18,1,11,5,16,1,Non-Travel,No
EMP_COMP_BAD_00659_00314,Michelle Garcia,Male,32,Operations,Accountant,1,1,2,4,1,10174,21,3,1,1,5,13,Travel_Frequently,No
EMP_COMP_BAD_00659_00315,Mark Thomas,Male,42,Legal,Legal Counsel,3,4,1,4,1,8794,20,0,15,6,24,22,Non-Travel,Yes
EMP_COMP_BAD_00659_00316,George Sanchez,Male,50,Engineering,Research Scientist,4,4,1,2,4,4220,15,3,9,9,17,7,Travel_Rarely,Yes
EMP_COMP_BAD_00659_00317,Emily Davis,Male,27,Finance,Data Scientist,1,3,4,4,1,4757,24,1,2,0,7,24,Travel_Rarely,No
EMP_COMP_BAD_00659_00318,Thomas Gonzalez,Male,42,Operations,Accountant,5,2,4,4,3,4948,25,2,6,6,7,17,Travel_Frequently,No
EMP_COMP_BAD_00659_00319,John Wilson,Female,58,Support,Research Scientist,3,2,1,4,4,10413,23,0,4,4,8,2,Travel_Rarely,Yes
EMP_COMP_BAD_00659_00320,Robert Brown,Male,44,Operations,Operations Manager,5,4,3,2,1,6937,17,2,13,2,19,9,Travel_Rarely,No
EMP_COMP_BAD_00659_00321,Jessica Clark,Male,50,Support,Sales Representative,1,2,4,3,1,15381,16,0,4,4,10,19,Travel_Frequently,No
EMP_COMP_BAD_00659_00322,Susan Jackson,Male,36,Sales,Product Manager,1,3,3,2,3,5354,11,3,1,0,4,4,Travel_Rarely,Yes
EMP_COMP_BAD_00659_00323,Kevin Hernandez,Female,46,IT,Business Analyst,3,2,4,4,2,11743,24,3,13,4,20,29,Travel_Frequently,No
EMP_COMP_BAD_00659_00324,Kevin Smith,Female,46,Engineering,Support Specialist,2,2,4,4,1,8147,15,3,8,8,14,6,Travel_Frequently,No
EMP_COMP_BAD_00659_00325,Daniel Moore,Female,40,Legal,Marketing Manager,5,1,4,2,3,10009,19,0,0,0,1,24,Travel_Rarely,Yes
EMP_COMP_BAD_00659_00326,James Taylor,Male,46,Support,Product Manager,2,4,4,3,1,5099,25,1,13,8,23,18,Non-Travel,No
EMP_COMP_BAD_00659_00327,William Robinson,Male,41,Finance,Legal Counsel,4,4,2,2,2,4503,24,1,6,6,7,26,Travel_Rarely,Yes
EMP_COMP_BAD_00659_00328,Mark Jackson,Male,38,Legal,Business Analyst,1,3,3,1,2,7228,25,1,7,6,16,3,Non-Travel,Yes
EMP_COMP_BAD_00659_00329,Amanda Miller,Female,47,Research and Development,Software Engineer,2,4,4,3,2,4714,20,2,5,5,7,20,Travel_Rarely,No
EMP_COMP_BAD_00659_00330,Kenneth Garcia,Male,46,Finance,Financial Analyst,4,4,3,3,1,10609,16,3,4,0,9,22,Non-Travel,No
EMP_COMP_BAD_00659_00331,Paul Anderson,Female,38,Sales,Financial Analyst,1,2,1,2,1,3902,20,2,11,8,18,15,Travel_Frequently,No
EMP_COMP_BAD_00659_00332,Daniel Thompson,Female,54,Human Resources,HR Manager,5,1,3,3,2,7247,23,3,1,0,9,26,Non-Travel,No
EMP_COMP_BAD_00659_00333,Kenneth Sanchez,Female,48,Marketing,Product Manager,3,1,1,2,3,5480,23,1,13,6,19,1,Non-Travel,No
EMP_COMP_BAD_00659_00334,Carol Anderson,Female,47,Research and Development,HR Manager,1,1,2,3,2,12854,25,3,0,0,1,4,Travel_Frequently,Yes
EMP_COMP_BAD_00659_00335,Sarah Wilson,Female,27,Marketing,Legal Counsel,4,1,1,3,1,11664,21,3,9,3,18,1,Travel_Rarely,Yes
EMP_COMP_BAD_00659_00336,Jessica Walker,Female,33,Operations,Legal Counsel,3,3,2,2,2,15596,14,3,15,5,15,9,Non-Travel,No
EMP_COMP_BAD_00659_00337,Patricia Moore,Female,45,Support,Data Scientist,3,4,3,2,1,4553,17,3,0,0,10,29,Travel_Frequently,No
EMP_COMP_BAD_00659_00338,Matthew Miller,Male,39,Operations,Marketing Manager,1,4,1,1,3,4067,25,0,3,3,4,9,Travel_Rarely,No
EMP_COMP_BAD_00659_00339,Joshua Sanchez,Female,49,IT,Accountant,5,1,3,3,3,15188,22,2,7,7,9,7,Travel_Frequently,No
EMP_COMP_BAD_00659_00340,Joshua Perez,Female,33,Finance,Support Specialist,5,2,1,1,4,5308,20,0,1,1,6,7,Non-Travel,No
EMP_COMP_BAD_00659_00341,Barbara Martinez,Female,48,Legal,Product Manager,4,1,1,4,1,7201,18,0,1,1,2,10,Non-Travel,No
EMP_COMP_BAD_00659_00342,Matthew Jackson,Male,38,Sales,Legal Counsel,3,2,4,4,1,7554,12,0,8,3,10,26,Non-Travel,Yes
EMP_COMP_BAD_00659_00343,Carol Walker,Female,55,Finance,HR Manager,3,1,1,4,2,8859,11,2,8,8,10,29,Non-Travel,Yes
EMP_COMP_BAD_00659_00344,Donald Williams,Male,29,IT,Financial Analyst,1,1,1,3,3,8653,15,3,14,4,19,25,Travel_Frequently,Yes
EMP_COMP_BAD_00659_00345,Karen Robinson,Male,43,Marketing,Sales Representative,4,3,3,3,3,5329,21,3,5,5,6,11,Non-Travel,No
EMP_COMP_BAD_00659_00346,Donald Taylor,Male,57,Human Resources,Sales Representative,3,2,1,2,2,10279,14,3,3,3,11,15,Travel_Frequently,No
EMP_COMP_BAD_00659_00347,Nancy Moore,Female,43,Finance,Product Manager,3,4,3,1,4,10284,13,3,12,7,21,20,Non-Travel,No
EMP_COMP_BAD_00659_00348,Jennifer Jones,Female,24,Finance,Sales Representative,4,4,1,4,4,14591,16,2,6,2,11,26,Travel_Frequently,No
EMP_COMP_BAD_00659_00349,Donald Jones,Female,25,Legal,IT Administrator,2,2,2,4,3,5877,25,2,1,1,9,12,Non-Travel,No
EMP_COMP_BAD_00659_00350,Amanda Clark,Male,40,Operations,Business Analyst,4,4,3,4,3,3853,12,0,0,0,9,4,Travel_Rarely,Yes
EMP_COMP_BAD_00659_00351,Mark Miller,Male,48,Finance,Sales Representative,3,4,4,4,3,3770,20,2,13,0,14,2,Travel_Rarely,No
EMP_COMP_BAD_00659_00352,Amanda Miller,Female,56,Finance,HR Manager,4,4,1,1,2,5782,19,1,12,10,16,15,Travel_Frequently,Yes
EMP_COMP_BAD_00659_00353,Paul White,Male,50,Support,HR Manager,2,1,2,3,1,10568,23,1,2,2,5,11,Travel_Frequently,Yes
EMP_COMP_BAD_00659_00354,Anthony Lee,Male,29,Human Resources,Sales Representative,2,4,3,3,2,4209,20,2,3,2,3,11,Travel_Rarely,Yes
EMP_COMP_BAD_00659_00355,Betty Perez,Male,46,Operations,Research Scientist,1,2,2,3,3,10604,25,0,11,3,14,28,Travel_Frequently,Yes
EMP_COMP_BAD_00659_00356,Joshua Taylor,Female,36,Finance,Support Specialist,2,2,1,1,3,8633,14,3,7,7,17,13,Travel_Rarely,No
EMP_COMP_BAD_00659_00357,Michelle Jackson,Male,29,Research and Development,Research Scientist,5,3,3,4,2,16154,17,3,14,2,20,4,Travel_Frequently,Yes
EMP_COMP_BAD_00659_00358,Paul Smith,Female,40,Support,Sales Representative,2,3,1,2,3,10403,13,1,6,1,14,7,Non-Travel,No
EMP_COMP_BAD_00659_00359,Linda Lewis,Female,31,Support,Operations Manager,3,3,3,1,4,6477,17,2,4,3,5,14,Travel_Rarely,No
EMP_COMP_BAD_00659_00360,George White,Female,25,Engineering,Software Engineer,2,1,1,2,2,5499,12,2,4,4,7,15,Non-Travel,Yes
EMP_COMP_BAD_00659_00361,Dorothy Hernandez,Male,22,Finance,Marketing Manager,4,1,2,3,3,9853,25,3,5,0,14,4,Non-Travel,Yes
EMP_COMP_BAD_00659_00362,Donna Martin,Female,26,Legal,IT Administrator,4,4,1,1,2,4493,22,1,2,2,7,23,Travel_Frequently,Yes
EMP_COMP_BAD_00659_00363,Ashley Hernandez,Female,52,Legal,Legal Counsel,3,2,2,1,2,9959,25,2,7,3,7,1,Non-Travel,Yes
EMP_COMP_BAD_00659_00364,Charles Hernandez,Male,32,Legal,HR Manager,5,2,3,1,3,4604,21,1,11,6,15,26,Travel_Frequently,Yes
EMP_COMP_BAD_00659_00365,Mark Gonzalez,Female,56,Operations,IT Administrator,2,1,3,1,4,9169,23,1,5,4,14,14,Travel_Rarely,Yes
EMP_COMP_BAD_00659_00366,Kevin Ramirez,Female,49,Finance,Accountant,2,1,3,2,2,5909,12,3,11,9,20,4,Travel_Frequently,Yes
EMP_COMP_BAD_00659_00367,Nancy Miller,Male,56,Human Resources,Data Scientist,1,3,3,3,4,4286,11,1,13,4,15,2,Non-Travel,No
EMP_COMP_BAD_00659_00368,Susan Robinson,Male,46,Finance,Sales Representative,2,2,3,2,3,16163,12,2,12,3,16,15,Travel_Frequently,No
EMP_COMP_BAD_00659_00369,Ashley Jackson,Male,38,Finance,Sales Representative,3,1,4,1,3,6007,22,1,13,6,17,27,Travel_Rarely,Yes
EMP_COMP_BAD_00659_00370,Kenneth Jones,Male,41,Human Resources,IT Administrator,3,1,3,3,3,10275,21,3,14,2,21,6,Non-Travel,Yes
EMP_COMP_BAD_00659_00371,Anthony Anderson,Male,42,Marketing,Accountant,3,1,4,1,1,3864,17,0,15,1,24,14,Travel_Rarely,No
EMP_COMP_BAD_00659_00372,Robert Moore,Female,40,Research and Development,Marketing Manager,2,2,2,2,1,6041,17,0,9,7,12,14,Non-Travel,No
EMP_COMP_BAD_00659_00373,Richard Taylor,Male,24,Operations,Legal Counsel,1,4,4,1,3,5751,24,1,12,8,21,1,Travel_Frequently,Yes
EMP_COMP_BAD_00659_00374,Elizabeth Martinez,Female,33,Human Resources,Product Manager,4,2,2,2,4,5292,23,3,14,2,14,5,Non-Travel,No
EMP_COMP_BAD_00659_00375,Kenneth Harris,Female,50,Legal,Product Manager,2,2,2,3,4,14824,15,0,13,3,20,7,Travel_Frequently,No
EMP_COMP_BAD_00659_00376,Mary Martinez,Male,57,Legal,Accountant,1,2,2,1,2,6671,19,3,6,6,15,8,Non-Travel,Yes
EMP_COMP_BAD_00659_00377,Sandra Perez,Male,32,Operations,Accountant,3,4,4,4,1,9228,25,1,13,7,15,27,Travel_Rarely,Yes
EMP_COMP_BAD_00659_00378,Kimberly Martin,Female,26,Marketing,Support Specialist,2,2,4,1,2,7303,25,3,4,0,7,23,Non-Travel,No
EMP_COMP_BAD_00659_00379,Mary Smith,Female,34,Finance,Product Manager,4,4,1,4,4,4634,18,0,3,3,11,9,Travel_Frequently,No
EMP_COMP_BAD_00659_00380,Linda Rodriguez,Male,53,Human Resources,Operations Manager,3,3,4,3,1,4312,17,3,0,0,9,19,Non-Travel,Yes
EMP_COMP_BAD_00659_00381,Jessica Hernandez,Male,49,Legal,Software Engineer,1,2,2,4,4,8071,13,1,15,2,15,28,Travel_Rarely,Yes
EMP_COMP_BAD_00659_00382,Matthew Jones,Female,46,IT,HR Manager,2,4,1,4,2,9638,21,2,14,2,14,19,Non-Travel,No
EMP_COMP_BAD_00659_00383,Michael Taylor,Male,42,Support,IT Administrator,1,2,3,3,3,8774,25,1,5,5,6,12,Non-Travel,Yes
EMP_COMP_BAD_00659_00384,Anthony Davis,Female,41,Finance,Financial Analyst,3,4,4,3,3,8028,16,1,7,5,12,11,Travel_Rarely,Yes
EMP_COMP_BAD_00659_00385,Michelle Harris,Female,28,IT,Product Manager,1,2,3,2,3,9273,14,2,5,5,13,2,Non-Travel,Yes
EMP_COMP_BAD_00659_00386,Melissa Perez,Male,33,Research and Development,Sales Representative,5,3,4,4,1,9523,16,0,2,2,8,26,Non-Travel,Yes
EMP_COMP_BAD_00659_00387,Robert Johnson,Male,58,Human Resources,Business Analyst,5,2,3,1,1,10079,19,2,7,2,7,12,Travel_Frequently,Yes
EMP_COMP_BAD_00659_00388,Amanda Garcia,Male,31,Operations,Sales Representative,3,2,1,2,2,5704,19,2,0,0,4,6,Non-Travel,Yes
EMP_COMP_BAD_00659_00389,James Harris,Male,49,Finance,Research Scientist,5,3,3,3,2,7080,24,3,5,2,5,26,Travel_Frequently,No
EMP_COMP_BAD_00659_00390,Steven Rodriguez,Male,32,Research and Development,Sales Representative,1,1,2,2,1,8475,22,0,0,0,0,28,Non-Travel,No
EMP_COMP_BAD_00659_00391,Melissa Clark,Male,25,Sales,Operations Manager,3,2,1,1,2,9291,13,0,14,8,19,10,Non-Travel,Yes
EMP_COMP_BAD_00659_00392,Robert Davis,Female,34,Marketing,Support Specialist,1,1,3,4,2,7687,17,3,6,6,9,27,Travel_Rarely,Yes
EMP_COMP_BAD_00659_00393,Mary Martin,Female,26,Sales,Support Specialist,1,4,2,3,2,8435,22,2,13,2,18,14,Travel_Rarely,No
EMP_COMP_BAD_00659_00394,Donald Gonzalez,Male,45,Engineering,Data Scientist,1,2,2,4,4,12038,18,2,7,0,17,24,Non-Travel,Yes
EMP_COMP_BAD_00659_00395,Carol Clark,Male,37,Human Resources,Marketing Manager,2,2,2,2,1,4883,12,2,3,3,7,17,Travel_Frequently,No
EMP_COMP_BAD_00659_00396,William Wilson,Male,29,Human Resources,HR Manager,3,3,2,3,1,7631,21,3,4,4,5,9,Travel_Rarely,No
EMP_COMP_BAD_00659_00397,Jessica White,Male,39,Human Resources,Product Manager,2,2,4,1,4,7841,22,3,3,0,9,25,Travel_Rarely,No
EMP_COMP_BAD_00659_00398,Paul Taylor,Female,31,Legal,HR Manager,1,3,2,1,1,12481,18,2,1,1,9,22,Travel_Rarely,No
EMP_COMP_BAD_00659_00399,John White,Male,39,Research and Development,Financial Analyst,5,3,4,1,4,6088,17,2,5,4,15,7,Non-Travel,Yes
EMP_COMP_BAD_00659_00400,Ashley Smith,Male,38,Engineering,IT Administrator,1,4,1,3,4,6354,11,0,11,4,13,13,Travel_Rarely,Yes
EMP_COMP_BAD_00659_00401,Richard Jackson,Female,48,Support,IT Administrator,1,4,2,3,2,6101,24,1,4,1,9,16,Travel_Frequently,Yes
EMP_COMP_BAD_00659_00402,David Harris,Male,39,Support,Support Specialist,2,2,2,2,1,13268,25,0,12,1,18,9,Travel_Frequently,Yes
EMP_COMP_BAD_00659_00403,Betty Gonzalez,Female,27,Sales,IT Administrator,2,1,1,2,2,12819,23,2,12,7,13,13,Travel_Frequently,Yes
EMP_COMP_BAD_00659_00404,William Jones,Female,58,Engineering,Marketing Manager,4,3,3,1,4,4533,16,3,1,1,5,7,Non-Travel,Yes
EMP_COMP_BAD_00659_00405,Carol Sanchez,Female,33,Operations,Business Analyst,1,4,4,2,4,10062,25,0,15,9,19,21,Travel_Frequently,Yes
EMP_COMP_BAD_00659_00406,Anthony Anderson,Male,49,Human Resources,Data Scientist,3,1,2,3,4,5728,18,2,13,8,23,5,Travel_Frequently,No
EMP_COMP_BAD_00659_00407,Brian Martinez,Female,46,Legal,Product Manager,3,4,4,1,2,7871,24,1,0,0,2,29,Travel_Rarely,Yes
EMP_COMP_BAD_00659_00408,Michelle Thompson,Male,55,Sales,Support Specialist,2,3,1,1,4,8347,23,2,5,5,13,24,Travel_Rarely,Yes
EMP_COMP_BAD_00659_00409,Brian Wilson,Female,57,Support,Business Analyst,2,1,2,3,3,4182,11,1,7,0,10,22,Travel_Rarely,Yes
EMP_COMP_BAD_00659_00410,Robert Perez,Female,40,Marketing,Product Manager,5,2,2,1,3,7795,19,0,13,4,14,19,Travel_Frequently,No
EMP_COMP_BAD_00659_00411,Karen Perez,Female,25,Legal,Operations Manager,2,3,4,4,2,5909,22,1,12,7,15,13,Travel_Frequently,No
EMP_COMP_BAD_00659_00412,Anthony Wilson,Female,27,IT,Financial Analyst,5,2,1,3,3,13424,15,3,1,1,3,27,Non-Travel,No
EMP_COMP_BAD_00659_00413,Michael Thomas,Male,22,Research and Development,Financial Analyst,4,2,4,2,1,5302,20,2,11,5,15,20,Non-Travel,Yes
EMP_COMP_BAD_00659_00414,Susan Anderson,Female,45,Finance,Sales Representative,5,1,1,1,1,12529,25,3,0,0,3,28,Travel_Frequently,No
EMP_COMP_BAD_00659_00415,Christopher Thompson,Male,35,Legal,IT Administrator,1,2,2,2,2,15761,16,2,8,4,8,19,Non-Travel,No
EMP_COMP_BAD_00659_00416,Lisa Moore,Female,52,Support,Support Specialist,3,1,3,1,3,8490,18,2,0,0,6,9,Travel_Rarely,No
EMP_COMP_BAD_00659_00417,Amanda Perez,Male,37,Legal,Operations Manager,5,2,1,4,3,8252,11,3,4,4,8,9,Travel_Rarely,No
EMP_COMP_BAD_00659_00418,Michelle Martin,Female,54,Sales,Legal Counsel,4,1,4,1,2,5431,14,2,14,5,17,24,Non-Travel,No
EMP_COMP_BAD_00659_00419,Susan Moore,Female,28,IT,Research Scientist,4,1,4,3,3,8113,25,0,0,0,5,29,Travel_Rarely,No
EMP_COMP_BAD_00659_00420,Matthew White,Female,38,Finance,Accountant,5,3,2,4,2,6021,17,1,14,0,21,19,Non-Travel,No
EMP_COMP_BAD_00659_00421,Michelle Moore,Male,43,Research and Development,Product Manager,5,1,2,1,2,7364,15,2,12,9,15,27,Travel_Rarely,Yes
EMP_COMP_BAD_00659_00422,Lisa Moore,Female,45,Finance,Support Specialist,2,3,3,1,3,9607,14,3,7,3,11,2,Travel_Frequently,Yes
EMP_COMP_BAD_00659_00423,Kenneth Wilson,Female,46,Research and Development,Sales Representative,3,1,2,1,2,8933,20,2,15,9,17,19,Travel_Rarely,Yes
EMP_COMP_BAD_00659_00424,Jennifer Davis,Female,30,Operations,Operations Manager,4,1,1,1,3,12692,11,2,2,2,6,28,Non-Travel,Yes
EMP_COMP_BAD_00659_00425,Jessica Perez,Female,58,Support,Software Engineer,3,3,1,1,1,10169,13,2,5,2,14,7,Non-Travel,No
EMP_COMP_BAD_00659_00426,Ashley Gonzalez,Female,27,Human Resources,Support Specialist,5,1,4,3,1,5202,24,0,7,2,17,9,Travel_Rarely,No
EMP_COMP_BAD_00659_00427,Steven Sanchez,Male,58,Operations,Marketing Manager,2,2,2,4,4,10103,17,1,10,5,15,20,Travel_Frequently,Yes
EMP_COMP_BAD_00659_00428,David Johnson,Male,56,Engineering,Software Engineer,5,1,2,4,2,9915,18,0,15,8,25,24,Travel_Frequently,Yes
EMP_COMP_BAD_00659_00429,Donald Perez,Female,38,Marketing,Business Analyst,2,1,1,4,3,8729,25,2,11,7,15,12,Travel_Rarely,No
EMP_COMP_BAD_00659_00430,Dorothy Martinez,Male,58,Human Resources,Software Engineer,4,3,3,3,1,12380,17,3,14,1,18,14,Travel_Rarely,No
EMP_COMP_BAD_00659_00431,Susan Ramirez,Male,54,Legal,Data Scientist,1,3,4,4,1,4970,12,0,4,0,5,21,Travel_Rarely,Yes
EMP_COMP_BAD_00659_00432,Michelle White,Female,47,Human Resources,Sales Representative,4,1,3,2,3,8059,22,2,5,0,13,9,Non-Travel,No
EMP_COMP_BAD_00659_00433,Brian Moore,Female,47,Human Resources,Product Manager,3,1,2,4,2,7519,11,3,12,7,15,2,Non-Travel,Yes
EMP_COMP_BAD_00659_00434,Mark Clark,Male,56,IT,Marketing Manager,2,1,1,1,3,8003,19,1,11,7,15,6,Non-Travel,No
EMP_COMP_BAD_00659_00435,Kevin Robinson,Female,57,Legal,Support Specialist,3,2,3,4,2,7729,16,0,10,0,17,13,Non-Travel,Yes
EMP_COMP_BAD_00659_00436,Christopher Moore,Female,32,Human Resources,Marketing Manager,3,1,3,4,2,12066,21,3,5,5,5,4,Non-Travel,Yes
EMP_COMP_BAD_00659_00437,Paul Martin,Male,43,Engineering,Accountant,3,1,3,1,3,5545,11,3,6,6,9,7,Travel_Frequently,No
EMP_COMP_BAD_00659_00438,Emily Robinson,Male,35,Sales,IT Administrator,1,2,2,2,2,12461,17,3,9,0,15,11,Travel_Frequently,No
EMP_COMP_BAD_00659_00439,Nancy Garcia,Female,31,Human Resources,Legal Counsel,1,3,4,1,4,6224,12,0,9,1,19,13,Travel_Frequently,No
EMP_COMP_BAD_00659_00440,Nancy Ramirez,Female,23,Engineering,HR Manager,3,1,1,2,3,9108,22,0,12,3,15,1,Travel_Rarely,Yes
EMP_COMP_BAD_00659_00441,Christopher Anderson,Female,34,Finance,Sales Representative,1,2,4,1,4,9376,25,2,4,4,10,27,Travel_Frequently,Yes
EMP_COMP_BAD_00659_00442,James Moore,Male,26,Research and Development,Accountant,1,1,3,4,3,6808,22,3,11,7,15,12,Travel_Rarely,No
EMP_COMP_BAD_00659_00443,Mary Lewis,Female,53,Research and Development,Marketing Manager,3,2,3,2,4,14817,25,1,4,4,13,5,Non-Travel,No
EMP_COMP_BAD_00659_00444,Linda Sanchez,Male,24,Engineering,Sales Representative,3,2,1,2,4,7891,23,1,6,0,15,9,Travel_Frequently,Yes
EMP_COMP_BAD_00659_00445,Susan Johnson,Female,58,Marketing,Data Scientist,3,3,1,3,1,6375,19,2,7,7,13,25,Travel_Rarely,No
EMP_COMP_BAD_00659_00446,Joseph Smith,Female,31,Operations,Data Scientist,4,2,2,2,4,11133,22,1,8,7,13,2,Travel_Frequently,No
EMP_COMP_BAD_00659_00447,Christopher Martin,Male,32,Operations,Support Specialist,5,4,2,3,3,4363,19,0,7,6,14,27,Travel_Frequently,No
EMP_COMP_BAD_00659_00448,Kenneth Williams,Male,55,Research and Development,Financial Analyst,2,4,3,2,2,11245,21,3,15,9,18,21,Non-Travel,No
EMP_COMP_BAD_00659_00449,Linda Clark,Female,31,Legal,Operations Manager,1,2,3,3,1,12691,15,3,6,3,14,1,Non-Travel,Yes
EMP_COMP_BAD_00659_00450,Carol Jones,Male,48,IT,HR Manager,4,3,2,3,3,9101,16,0,1,1,7,6,Non-Travel,No
EMP_COMP_BAD_00659_00451,Brian Moore,Female,33,Support,Marketing Manager,4,3,1,4,4,4955,24,3,2,1,4,18,Travel_Frequently,No
EMP_COMP_BAD_00659_00452,Sandra Ramirez,Male,25,Engineering,IT Administrator,1,3,3,4,2,9258,22,1,4,4,13,24,Travel_Frequently,No
EMP_COMP_BAD_00659_00453,Donald Lewis,Female,22,Operations,Research Scientist,1,3,3,2,1,8960,22,3,8,0,12,4,Travel_Frequently,Yes
EMP_COMP_BAD_00659_00454,Jessica Thompson,Female,51,Research and Development,IT Administrator,4,2,4,4,2,9554,21,3,2,0,5,19,Travel_Rarely,No
EMP_COMP_BAD_00659_00455,Andrew Martin,Male,53,Human Resources,Operations Manager,1,3,4,2,1,16185,16,3,0,0,5,15,Travel_Rarely,No
EMP_COMP_BAD_00659_00456,Paul White,Female,33,Engineering,Marketing Manager,1,3,2,1,3,9642,11,2,1,1,2,22,Travel_Frequently,No
EMP_COMP_BAD_00659_00457,Elizabeth Lewis,Female,39,Marketing,Accountant,1,2,4,4,4,9501,13,2,12,10,16,24,Non-Travel,No
EMP_COMP_BAD_00659_00458,Sarah Martin,Male,29,Marketing,Marketing Manager,3,4,2,2,4,11725,13,2,10,9,10,9,Non-Travel,Yes
EMP_COMP_BAD_00659_00459,James Miller,Female,43,Marketing,Sales Representative,4,3,2,1,1,6943,18,1,0,0,2,16,Non-Travel,Yes
EMP_COMP_BAD_00659_00460,William Anderson,Female,32,IT,Operations Manager,1,2,3,1,2,8291,18,0,9,5,16,14,Non-Travel,Yes
EMP_COMP_BAD_00659_00461,Elizabeth Gonzalez,Female,36,Support,Data Scientist,4,4,1,4,4,4693,11,1,13,5,23,2,Travel_Rarely,Yes
EMP_COMP_BAD_00659_00462,Dorothy Perez,Female,57,Operations,Legal Counsel,4,2,2,2,4,11190,22,3,13,6,15,24,Travel_Frequently,No
EMP_COMP_BAD_00659_00463,Mary Sanchez,Female,50,Finance,Support Specialist,5,2,3,3,2,4724,20,0,1,1,1,19,Travel_Rarely,No
EMP_COMP_BAD_00659_00464,David Wilson,Female,57,Research and Development,Legal Counsel,4,4,1,4,3,14978,20,2,7,4,14,3,Travel_Frequently,No
EMP_COMP_BAD_00659_00465,George Lewis,Male,49,Legal,Operations Manager,1,1,4,3,3,5150,11,2,3,1,10,23,Travel_Rarely,Yes
EMP_COMP_BAD_00659_00466,Sarah Taylor,Female,49,IT,Data Scientist,5,4,3,1,2,4075,19,0,7,3,17,28,Travel_Rarely,No
EMP_COMP_BAD_00659_00467,Matthew Jackson,Male,24,IT,Support Specialist,5,4,3,1,3,6548,20,2,6,5,15,27,Travel_Rarely,Yes
EMP_COMP_BAD_00659_00468,Betty Brown,Female,30,Sales,Accountant,2,1,2,4,1,10180,13,1,1,1,5,25,Travel_Rarely,Yes
EMP_COMP_BAD_00659_00469,Nancy Walker,Female,41,Support,Support Specialist,1,3,4,2,2,7656,22,0,15,7,19,1,Travel_Rarely,Yes
EMP_COMP_BAD_00659_00470,Nancy Jones,Female,32,Finance,Sales Representative,4,4,3,1,4,4153,19,0,14,7,17,7,Travel_Frequently,No
EMP_COMP_BAD_00659_00471,Jessica Smith,Female,38,Support,Support Specialist,2,4,2,2,2,12872,21,3,5,5,10,13,Travel_Rarely,Yes
EMP_COMP_BAD_00659_00472,Melissa Rodriguez,Female,22,Operations,Sales Representative,2,3,4,2,2,10194,18,2,0,0,4,4,Travel_Frequently,No
EMP_COMP_BAD_00659_00473,Melissa Anderson,Female,30,Support,Business Analyst,5,4,2,4,3,6563,25,3,9,9,14,9,Non-Travel,No
EMP_COMP_BAD_00659_00474,Amanda Moore,Female,26,Engineering,Research Scientist,3,1,2,4,3,6142,24,3,0,0,1,19,Travel_Rarely,Yes
EMP_COMP_BAD_00659_00475,Donna Perez,Female,36,Support,Support Specialist,5,4,3,3,1,16339,23,1,15,3,19,13,Travel_Rarely,No
EMP_COMP_BAD_00659_00476,Matthew Sanchez,Male,34,Support,Legal Counsel,5,2,1,1,4,8831,13,3,14,3,24,12,Non-Travel,Yes
EMP_COMP_BAD_00659_00477,Mary Rodriguez,Male,33,Engineering,Legal Counsel,1,1,1,3,2,14628,20,0,14,9,22,25,Non-Travel,Yes
EMP_COMP_BAD_00659_00478,Nancy Smith,Female,41,Finance,IT Administrator,4,3,4,3,2,11206,13,3,15,6,15,6,Non-Travel,Yes
EMP_COMP_BAD_00659_00479,William Martin,Female,54,Legal,Legal Counsel,1,2,1,3,1,9394,12,0,15,5,15,21,Non-Travel,No
EMP_COMP_BAD_00659_00480,David Rodriguez,Female,40,IT,Data Scientist,2,2,1,1,3,10284,20,0,14,3,23,3,Travel_Frequently,Yes
EMP_COMP_BAD_00659_00481,Kevin Walker,Male,43,Research and Development,Marketing Manager,2,1,1,1,1,4209,19,3,7,3,16,18,Non-Travel,Yes
EMP_COMP_BAD_00659_00482,Kevin Robinson,Male,41,Engineering,Financial Analyst,5,2,1,2,1,9958,24,0,10,2,18,18,Travel_Rarely,Yes
EMP_COMP_BAD_00659_00483,Brian Ramirez,Male,52,Support,IT Administrator,5,4,1,1,4,9200,21,3,2,2,6,23,Non-Travel,Yes
EMP_COMP_BAD_00659_00484,Dorothy Martin,Female,41,Sales,Operations Manager,4,2,3,4,1,9821,21,2,7,4,8,4,Travel_Rarely,Yes
EMP_COMP_BAD_00659_00485,Betty Perez,Male,36,Human Resources,Marketing Manager,2,3,3,1,2,9918,18,3,13,2,16,23,Travel_Rarely,No
EMP_COMP_BAD_00659_00486,Nancy Perez,Female,47,Sales,Operations Manager,5,4,3,2,4,7866,25,1,12,4,13,28,Travel_Rarely,Yes
EMP_COMP_BAD_00659_00487,Susan Walker,Female,56,Finance,IT Administrator,1,4,2,2,4,6183,19,2,0,0,7,8,Travel_Rarely,Yes
EMP_COMP_BAD_00659_00488,David Lewis,Male,50,Sales,Business Analyst,3,4,1,1,4,9437,25,1,2,2,5,15,Non-Travel,Yes
EMP_COMP_BAD_00659_00489,Ashley Smith,Male,32,Operations,Product Manager,5,2,2,1,2,10421,12,2,5,5,8,6,Non-Travel,No
EMP_COMP_BAD_00659_00490,Joseph Martin,Female,41,Finance,IT Administrator,2,3,3,4,4,16294,16,3,3,2,4,13,Travel_Frequently,Yes
EMP_COMP_BAD_00659_00491,Andrew Sanchez,Female,27,Marketing,Accountant,3,2,4,2,2,6629,16,1,1,1,1,3,Travel_Rarely,Yes
EMP_COMP_BAD_00659_00492,Mary Lewis,Female,25,Human Resources,IT Administrator,2,2,1,2,4,4979,22,1,3,3,11,19,Non-Travel,No
EMP_COMP_BAD_00659_00493,George Perez,Male,42,Support,Operations Manager,2,3,3,1,1,6430,12,3,11,8,17,5,Non-Travel,No
EMP_COMP_BAD_00659_00494,Kevin Williams,Female,55,Marketing,Research Scientist,3,2,1,3,1,6673,24,3,3,3,6,5,Travel_Frequently,No
EMP_COMP_BAD_00659_00495,Thomas Garcia,Male,28,Support,Data Scientist,2,2,4,4,2,7078,21,2,14,5,16,28,Travel_Rarely,Yes
EMP_COMP_BAD_00659_00496,Paul Harris,Female,47,Engineering,Operations Manager,3,3,3,3,3,10355,17,0,11,5,19,1,Travel_Rarely,No
EMP_COMP_BAD_00659_00497,Paul Perez,Male,37,Finance,Product Manager,2,4,3,2,3,9830,14,0,2,2,11,24,Travel_Rarely,No
EMP_COMP_BAD_00659_00498,Mark Clark,Male,23,Support,Software Engineer,3,1,3,4,2,7073,14,3,11,10,21,13,Travel_Frequently,Yes
EMP_COMP_BAD_00659_00499,Patricia Lopez,Female,43,Marketing,Financial Analyst,4,3,1,2,1,11696,12,2,0,0,0,1,Travel_Rarely,No
EMP_COMP_BAD_00659_00500,George Johnson,Male,35,Human Resources,Marketing Manager,2,2,2,1,4,5809,22,0,8,8,13,16,Travel_Rarely,Yes
EMP_COMP_BAD_00659_00501,George Martinez,Male,44,Human Resources,IT Administrator,4,4,2,3,1,6127,16,1,8,5,18,7,Travel_Frequently,Yes
EMP_COMP_BAD_00659_00502,Kenneth Robinson,Male,42,Finance,Legal Counsel,2,1,1,1,1,8857,17,3,2,2,5,15,Non-Travel,No
EMP_COMP_BAD_00659_00503,Kimberly Clark,Female,46,Sales,Financial Analyst,2,1,3,1,2,7090,25,3,11,2,13,24,Non-Travel,Yes
EMP_COMP_BAD_00659_00504,Barbara Brown,Female,43,Marketing,Marketing Manager,2,3,4,4,1,5006,15,3,4,0,9,1,Travel_Rarely,No
EMP_COMP_BAD_00659_00505,Donna Moore,Male,47,Legal,Business Analyst,5,1,2,1,2,7495,18,0,9,7,13,27,Travel_Frequently,Yes
EMP_COMP_BAD_00659_00506,Donald Lopez,Male,47,IT,Support Specialist,2,3,4,1,2,10222,13,1,5,5,14,19,Non-Travel,No
EMP_COMP_BAD_00659_00507,Elizabeth Anderson,Male,52,Human Resources,Research Scientist,1,4,1,4,2,9196,24,1,12,7,12,3,Travel_Frequently,Yes
EMP_COMP_BAD_00659_00508,Karen Thomas,Female,50,Human Resources,HR Manager,1,2,2,2,4,7237,11,0,2,2,5,10,Non-Travel,No
EMP_COMP_BAD_00659_00509,Kevin Miller,Male,41,Human Resources,HR Manager,5,1,3,1,4,5476,15,2,9,9,13,20,Non-Travel,Yes
EMP_COMP_BAD_00659_00510,Patricia Davis,Male,55,Research and Development,Software Engineer,5,3,4,1,1,9798,17,3,6,1,15,8,Non-Travel,Yes
EMP_COMP_BAD_00659_00511,Mark Walker,Male,57,Sales,Research Scientist,5,1,2,4,4,15794,21,1,15,4,19,1,Non-Travel,No
EMP_COMP_BAD_00659_00512,Robert Moore,Male,53,Operations,Marketing Manager,1,3,4,1,4,12842,18,0,12,4,13,2,Travel_Rarely,No
EMP_COMP_BAD_00659_00513,George Clark,Male,57,Human Resources,Operations Manager,5,3,4,1,1,14784,18,0,2,2,9,5,Travel_Frequently,Yes
EMP_COMP_BAD_00659_00514,David White,Male,47,Support,Operations Manager,4,1,4,2,1,4458,15,2,3,3,3,23,Travel_Rarely,No
EMP_COMP_BAD_00659_00515,Jennifer Martinez,Female,47,Research and Development,Accountant,5,1,1,3,4,10320,25,3,6,6,13,13,Travel_Frequently,No
EMP_COMP_BAD_00659_00516,Elizabeth Gonzalez,Female,53,Research and Development,Support Specialist,1,1,1,4,2,9180,24,3,8,8,17,3,Travel_Rarely,Yes
EMP_COMP_BAD_00659_00517,Steven Martin,Female,51,Research and Development,Research Scientist,4,1,4,3,2,11905,21,1,3,3,10,6,Travel_Rarely,No
EMP_COMP_BAD_00659_00518,Barbara Harris,Male,55,Operations,Operations Manager,1,1,2,4,3,4709,17,2,14,4,14,1,Travel_Rarely,Yes
EMP_COMP_BAD_00659_00519,Steven Wilson,Male,57,Support,Support Specialist,3,1,1,1,1,9280,14,1,4,3,7,21,Travel_Rarely,Yes
EMP_COMP_BAD_00659_00520,John White,Female,40,Sales,Sales Representative,4,1,4,3,3,11877,13,3,3,3,6,22,Travel_Rarely,No
EMP_COMP_BAD_00659_00521,Michael Johnson,Male,51,Operations,Support Specialist,1,1,2,1,4,8663,16,2,0,0,8,12,Non-Travel,Yes
EMP_COMP_BAD_00659_00522,Elizabeth Walker,Female,34,Sales,Research Scientist,4,3,1,3,2,10853,13,1,7,7,9,24,Travel_Rarely,No
EMP_COMP_BAD_00659_00523,Kenneth Lee,Male,43,Support,Marketing Manager,5,1,1,1,1,9563,14,1,6,4,13,3,Non-Travel,Yes
EMP_COMP_BAD_00659_00524,Thomas Perez,Female,32,Legal,Legal Counsel,1,3,3,1,4,11557,19,3,3,3,7,8,Travel_Rarely,Yes
EMP_COMP_BAD_00659_00525,Andrew Jackson,Male,40,Engineering,Support Specialist,4,1,2,4,2,14745,18,0,5,4,9,9,Travel_Frequently,No
EMP_COMP_BAD_00659_00526,Mary Wilson,Male,25,Legal,Support Specialist,5,1,4,2,2,7006,20,1,0,0,8,21,Non-Travel,Yes
EMP_COMP_BAD_00659_00527,Melissa Williams,Female,28,Research and Development,Data Scientist,2,1,1,4,4,9414,13,1,8,8,15,3,Non-Travel,Yes
EMP_COMP_BAD_00659_00528,George Garcia,Female,40,Research and Development,Sales Representative,1,3,2,1,3,14975,15,1,8,8,12,27,Travel_Frequently,Yes
EMP_COMP_BAD_00659_00529,Daniel Rodriguez,Male,45,Finance,Financial Analyst,2,2,3,4,3,7905,21,0,2,0,7,17,Travel_Frequently,Yes
EMP_COMP_BAD_00659_00530,Dorothy Davis,Female,30,Legal,Product Manager,2,2,3,2,1,14652,21,1,9,9,16,3,Travel_Rarely,Yes
EMP_COMP_BAD_00659_00531,Donald Wilson,Male,50,Support,HR Manager,3,2,1,2,2,8962,14,0,14,6,22,11,Travel_Rarely,No
EMP_COMP_BAD_00659_00532,Barbara Rodriguez,Male,32,Engineering,Accountant,3,3,2,3,4,12478,25,0,12,2,20,2,Travel_Rarely,Yes
EMP_COMP_BAD_00659_00533,Brian Brown,Male,26,Finance,Data Scientist,5,4,2,3,4,8697,18,3,13,3,17,11,Non-Travel,Yes
EMP_COMP_BAD_00659_00534,Mary Davis,Male,29,Support,Sales Representative,4,1,1,2,3,14751,17,2,3,3,5,6,Travel_Rarely,Yes
EMP_COMP_BAD_00659_00535,George Jackson,Male,39,Operations,Support Specialist,3,4,4,2,1,15708,11,1,12,10,19,21,Travel_Frequently,Yes
EMP_COMP_BAD_00659_00536,Daniel Garcia,Male,45,Operations,Marketing Manager,3,3,1,1,2,11500,14,3,14,1,22,15,Non-Travel,Yes
EMP_COMP_BAD_00659_00537,Mark Williams,Female,41,Sales,Legal Counsel,5,2,1,3,3,8963,17,3,10,1,13,18,Travel_Rarely,No
EMP_COMP_BAD_00659_00538,Thomas Smith,Male,43,Finance,Marketing Manager,4,2,4,3,4,5775,19,3,7,7,13,13,Travel_Rarely,No
EMP_COMP_BAD_00659_00539,Nancy Jones,Female,56,Legal,Sales Representative,4,4,1,2,2,8423,22,1,13,0,20,8,Travel_Frequently,Yes
EMP_COMP_BAD_00659_00540,Thomas Williams,Male,49,Sales,Business Analyst,3,3,4,1,1,15937,11,1,13,4,19,25,Travel_Frequently,Yes
EMP_COMP_BAD_00659_00541,Melissa Jackson,Male,51,Human Resources,Software Engineer,4,4,4,3,3,14560,15,0,2,2,3,7,Travel_Frequently,No
EMP_COMP_BAD_00659_00542,Brian Walker,Female,31,Operations,Operations Manager,2,4,1,4,1,6414,17,2,0,0,2,2,Non-Travel,Yes
EMP_COMP_BAD_00659_00543,Jessica Taylor,Male,54,Finance,Accountant,2,1,1,2,4,7270,25,0,13,9,13,13,Non-Travel,No
EMP_COMP_BAD_00659_00544,Margaret Robinson,Female,49,Marketing,IT Administrator,5,4,3,4,1,8696,15,0,9,4,11,10,Non-Travel,No
EMP_COMP_BAD_00659_00545,Barbara Moore,Male,41,Engineering,Support Specialist,2,4,2,3,4,12840,13,3,12,8,22,1,Travel_Frequently,No
EMP_COMP_BAD_00659_00546,Karen Lee,Male,22,Research and Development,Legal Counsel,4,2,3,1,3,4600,15,0,3,3,10,13,Travel_Frequently,Yes
EMP_COMP_BAD_00659_00547,Donna Anderson,Female,27,Sales,Product Manager,4,2,1,3,2,5182,14,1,10,6,12,27,Travel_Frequently,No
EMP_COMP_BAD_00659_00548,Michael Perez,Male,53,Finance,Accountant,4,1,2,3,4,3879,16,1,9,9,14,12,Travel_Frequently,No
EMP_COMP_BAD_00659_00549,Michael Hernandez,Male,31,Marketing,Financial Analyst,3,1,1,1,2,7344,19,3,8,8,16,12,Travel_Rarely,Yes
EMP_COMP_BAD_00659_00550,Michelle White,Female,29,Marketing,Operations Manager,1,4,1,4,1,4965,17,2,8,6,17,27,Travel_Frequently,Yes
EMP_COMP_BAD_00659_00551,Elizabeth Lopez,Female,30,IT,Financial Analyst,1,4,2,4,4,7636,20,1,13,5,17,3,Travel_Frequently,Yes
EMP_COMP_BAD_00659_00552,Linda Ramirez,Female,37,IT,Marketing Manager,2,2,3,3,1,14742,11,2,8,0,18,19,Travel_Frequently,Yes
EMP_COMP_BAD_00659_00553,Matthew Walker,Female,34,Operations,Operations Manager,2,1,1,4,4,9604,22,0,8,4,12,17,Non-Travel,No
EMP_COMP_BAD_00659_00554,Donna Martinez,Male,29,Operations,HR Manager,4,2,4,4,1,9511,20,2,2,2,9,5,Travel_Rarely,Yes
EMP_COMP_BAD_00659_00555,Kenneth Robinson,Male,31,Research and Development,Support Specialist,3,4,2,3,3,4772,21,1,1,1,10,4,Travel_Rarely,No
EMP_COMP_BAD_00659_00556,Christopher Miller,Female,51,Human Resources,Data Scientist,5,1,3,1,4,6023,24,0,14,5,17,24,Travel_Rarely,No
EMP_COMP_BAD_00659_00557,Richard Jones,Male,40,Operations,HR Manager,2,4,2,4,3,8828,23,1,7,7,11,19,Travel_Rarely,No
EMP_COMP_BAD_00659_00558,Matthew Harris,Male,29,Operations,Business Analyst,1,1,1,4,3,5343,21,1,10,4,10,22,Travel_Frequently,No
EMP_COMP_BAD_00659_00559,Michelle Ramirez,Female,34,Support,Legal Counsel,1,2,2,2,3,5539,24,3,9,2,17,7,Non-Travel,No
EMP_COMP_BAD_00659_00560,Joshua Smith,Male,51,Operations,Business Analyst,2,1,4,4,4,9124,23,1,0,0,7,13,Travel_Frequently,No
EMP_COMP_BAD_00659_00561,William Miller,Male,53,Human Resources,HR Manager,5,1,1,2,2,6437,19,3,1,1,7,17,Travel_Rarely,Yes
EMP_COMP_BAD_00659_00562,Robert Smith,Male,56,Research and Development,Support Specialist,1,1,3,3,1,16301,20,3,7,6,13,19,Non-Travel,No
EMP_COMP_BAD_00659_00563,Richard Sanchez,Female,45,Engineering,Support Specialist,3,2,2,2,3,10882,22,3,12,7,17,29,Travel_Rarely,No
EMP_COMP_BAD_00659_00564,Melissa Jackson,Male,27,Engineering,Software Engineer,3,2,2,1,3,12429,13,0,11,3,12,10,Travel_Frequently,No
EMP_COMP_BAD_00659_00565,Sarah Rodriguez,Female,31,Support,Marketing Manager,1,1,3,4,1,7783,18,2,5,5,9,9,Travel_Rarely,No
EMP_COMP_BAD_00659_00566,Paul Sanchez,Female,38,Marketing,Support Specialist,3,3,3,2,2,15897,13,3,3,3,9,28,Travel_Rarely,Yes
EMP_COMP_BAD_00659_00567,Michelle Lopez,Female,30,Human Resources,Financial Analyst,1,1,1,3,2,6056,14,1,2,2,2,4,Travel_Frequently,No
EMP_COMP_BAD_00659_00568,Richard Williams,Female,49,Legal,Software Engineer,4,1,3,4,4,4043,19,3,13,2,16,10,Non-Travel,Yes
EMP_COMP_BAD_00659_00569,Paul Rodriguez,Female,23,Human Resources,HR Manager,1,2,3,3,3,5145,25,2,12,3,13,14,Travel_Frequently,No
EMP_COMP_BAD_00659_00570,Anthony Robinson,Male,46,Operations,Operations Manager,2,1,1,4,4,12525,21,1,8,5,12,6,Travel_Rarely,No
EMP_COMP_BAD_00659_00571,Amanda Lewis,Male,56,Marketing,Marketing Manager,1,1,4,1,2,6385,19,2,15,7,23,6,Travel_Frequently,No
EMP_COMP_BAD_00659_00572,William Lewis,Female,50,Support,Marketing Manager,2,4,3,4,2,10354,13,2,6,6,10,3,Travel_Frequently,Yes
EMP_COMP_BAD_00659_00573,Mary Lewis,Male,56,Sales,Legal Counsel,4,2,2,4,1,6823,13,2,4,4,11,26,Travel_Frequently,No
EMP_COMP_BAD_00659_00574,David White,Male,40,Marketing,Marketing Manager,4,1,1,3,2,5660,18,1,14,8,14,23,Travel_Frequently,No
EMP_COMP_BAD_00659_00575,Andrew Robinson,Male,50,Engineering,Legal Counsel,1,2,4,3,1,15518,22,3,7,7,10,6,Non-Travel,No
EMP_COMP_BAD_00659_00576,Amanda Williams,Male,33,Research and Development,IT Administrator,1,3,3,1,4,7361,20,1,14,3,14,6,Travel_Rarely,Yes
EMP_COMP_BAD_00659_00577,Daniel Perez,Female,35,Marketing,Business Analyst,2,3,4,1,2,6723,12,1,2,2,7,26,Travel_Rarely,No
EMP_COMP_BAD_00659_00578,Paul Ramirez,Male,25,Human Resources,Marketing Manager,5,4,4,3,1,10255,20,3,0,0,5,3,Travel_Rarely,Yes
EMP_COMP_BAD_00659_00579,Mark Miller,Female,48,IT,Research Scientist,1,4,1,1,2,3627,11,3,6,6,9,23,Travel_Rarely,No
EMP_COMP_BAD_00659_00580,Mark Moore,Male,57,Engineering,Operations Manager,4,4,1,2,1,6827,16,3,13,0,16,16,Travel_Frequently,Yes
EMP_COMP_BAD_00659_00581,Dorothy Martin,Male,38,IT,Data Scientist,3,1,2,4,2,14551,24,2,6,4,6,5,Non-Travel,No
EMP_COMP_BAD_00659_00582,Michelle Rodriguez,Female,25,Human Resources,Support Specialist,3,2,2,4,4,11500,15,3,7,7,9,13,Travel_Frequently,No
EMP_COMP_BAD_00659_00583,Nancy Martin,Female,50,Human Resources,Accountant,4,1,4,3,2,4927,15,1,2,2,5,24,Travel_Rarely,No
EMP_COMP_BAD_00659_00584,Emily Martin,Male,45,IT,Business Analyst,1,4,1,4,4,10018,21,3,13,2,21,22,Travel_Rarely,Yes
EMP_COMP_BAD_00659_00585,James Brown,Male,50,Human Resources,HR Manager,1,4,3,2,2,8212,17,2,8,8,16,9,Non-Travel,No
EMP_COMP_BAD_00659_00586,Jessica Garcia,Female,46,Marketing,Operations Manager,2,4,1,2,2,9518,15,0,15,6,21,10,Non-Travel,No
EMP_COMP_BAD_00659_00587,Susan Jackson,Female,56,Legal,Accountant,4,3,3,3,2,4284,25,1,9,8,14,11,Travel_Frequently,No
EMP_COMP_BAD_00659_00588,Kenneth Lopez,Female,31,Marketing,Software Engineer,1,3,2,4,1,5145,18,0,14,2,21,9,Travel_Rarely,No
EMP_COMP_BAD_00659_00589,Michelle Martinez,Female,52,Engineering,Software Engineer,3,3,4,3,2,7666,18,3,4,4,4,23,Travel_Frequently,No
EMP_COMP_BAD_00659_00590,Steven Lopez,Male,22,IT,IT Administrator,5,1,4,1,3,11794,24,0,11,10,18,8,Travel_Frequently,No
EMP_COMP_BAD_00659_00591,Margaret Williams,Male,37,Engineering,Legal Counsel,3,4,2,1,4,5632,22,3,7,7,8,1,Non-Travel,Yes
EMP_COMP_BAD_00659_00592,Elizabeth Martin,Female,56,Research and Development,Operations Manager,2,1,4,3,2,12921,12,2,5,1,6,17,Travel_Rarely,No
EMP_COMP_BAD_00659_00593,Robert Harris,Male,43,Research and Development,Marketing Manager,1,1,2,4,1,7561,11,1,9,4,11,27,Non-Travel,No
EMP_COMP_BAD_00659_00594,Margaret Clark,Female,34,Support,IT Administrator,2,4,2,3,1,11400,21,3,10,4,16,1,Travel_Frequently,No
EMP_COMP_BAD_00659_00595,Amanda Moore,Male,29,Sales,Legal Counsel,1,1,1,3,1,11683,22,3,9,8,18,27,Non-Travel,No
EMP_COMP_BAD_00659_00596,Christopher Smith,Female,29,Human Resources,Product Manager,5,1,1,3,1,7371,18,3,15,2,25,16,Travel_Frequently,No
EMP_COMP_BAD_00659_00597,Lisa Martinez,Female,24,Engineering,Sales Representative,4,4,3,1,3,13446,20,3,2,2,2,24,Travel_Frequently,No
EMP_COMP_BAD_00659_00598,Sandra Hernandez,Female,55,Engineering,Software Engineer,1,4,4,4,3,4540,13,1,11,4,17,1,Travel_Frequently,No
EMP_COMP_BAD_00659_00599,Christopher Walker,Female,41,Human Resources,Operations Manager,5,3,2,4,2,14966,18,1,10,10,10,20,Non-Travel,Yes
EMP_COMP_BAD_00659_00600,Joseph Clark,Female,28,Marketing,Operations Manager,3,4,4,2,3,13082,14,0,14,1,23,14,Travel_Rarely,No
EMP_COMP_BAD_00659_00601,Paul Hernandez,Female,46,Support,Accountant,2,2,3,4,4,12954,18,2,2,2,9,12,Travel_Frequently,Yes
EMP_COMP_BAD_00659_00602,Robert Davis,Female,51,Engineering,Data Scientist,2,1,4,1,3,5664,22,2,11,8,20,15,Non-Travel,Yes
EMP_COMP_BAD_00659_00603,Sarah Wilson,Male,34,Sales,Marketing Manager,5,2,3,1,2,9055,21,3,9,3,14,13,Travel_Rarely,No
EMP_COMP_BAD_00659_00604,Lisa Martinez,Male,31,Operations,Software Engineer,1,4,4,2,2,7121,24,2,14,10,15,12,Non-Travel,Yes
EMP_COMP_BAD_00659_00605,Kenneth Brown,Female,25,Finance,Operations Manager,2,3,4,4,4,8848,11,2,6,5,9,7,Travel_Rarely,No
EMP_COMP_BAD_00659_00606,Patricia White,Male,46,Finance,Sales Representative,3,3,4,2,1,10175,22,1,14,8,19,12,Travel_Rarely,No
EMP_COMP_BAD_00659_00607,Carol Rodriguez,Female,28,Research and Development,Support Specialist,1,1,2,2,1,8109,17,1,12,6,17,27,Travel_Rarely,No
EMP_COMP_BAD_00659_00608,Matthew Taylor,Male,55,Legal,Research Scientist,5,3,3,3,2,6831,19,3,13,10,15,23,Travel_Rarely,No
